0.003000 0.000000
0.008000 84.202772
0.013000 38.131042
0.018000 45.613548
0.023000 -4.296445
0.028000 -11.810907
0.033000 -11.907486
0.038000 -11.608323
0.043000 -11.220551
0.048000 -9.803779
0.053000 -0.826953
0.058000 -0.867176
0.063000 -0.678975
0.068000 -1.425492
0.073000 -0.013125
0.078000 -0.952172
0.083000 0.631701
0.088000 0.390043
0.093000 -0.185644
0.098000 1.747088
0.103000 1.736556
0.108000 1.387946
0.113000 1.066865
0.118000 0.770726
0.123000 1.749926
0.128000 2.032576
0.133000 1.839816
0.138000 1.659750
0.143000 1.491294
0.148000 1.333482
0.153000 1.185448
0.158000 1.046419
0.163000 0.915698
0.168000 0.792655
0.173000 0.676722
0.178000 0.626967
0.183000 0.547462
0.188000 0.451019
0.193000 0.359792
0.198000 0.273432
0.203000 0.191618
0.208000 0.114059
0.213000 0.040483
0.218000 -0.029356
0.223000 -0.095688
0.228000 -0.158724
0.233000 -0.318698
0.238000 -0.878334
0.243000 -0.935753
0.248000 -0.990146
0.253000 -1.041680
0.258000 -1.090510
0.263000 -1.136783
0.268000 -1.203317
0.273000 -1.771989
0.278000 -1.811450
0.283000 -1.848523
0.288000 -1.883328
0.293000 -2.062874
0.298000 -2.406885
0.303000 -2.433844
0.308000 -2.458704
0.313000 -2.481567
0.318000 -2.857377
0.323000 -2.904981
0.328000 -2.919628
0.333000 -2.932442
0.338000 -2.937517
0.343000 -2.946063
0.348000 -2.937264
0.353000 -2.781708
0.358000 -2.788265
0.363000 -2.638719
0.368000 -2.638397
0.373000 -2.642686
0.378000 -2.442091
0.383000 -2.258270
0.388000 -2.262878
0.393000 -2.266635
0.398000 -2.269577
0.403000 -2.141508
0.408000 -1.906361
0.413000 -1.910015
0.418000 -1.913067
0.423000 -1.915541
0.428000 -1.917458
0.433000 -1.737394
0.438000 -1.643695
0.443000 -1.646123
0.448000 -1.648130
0.453000 -1.649729
0.458000 -1.650937
0.463000 -1.554268
0.468000 -1.344585
0.473000 -1.346732
0.478000 -1.348590
0.483000 -1.350168
0.488000 -1.351475
0.493000 -1.352522
0.498000 -1.292080
0.503000 -1.369171
0.508000 -1.363526
0.513000 -1.357882
0.518000 -1.352237
0.523000 -1.346593
0.528000 -1.340949
0.533000 -1.335304
0.538000 -1.210233
0.543000 -1.130578
0.548000 -1.126468
0.553000 -1.122358
0.558000 -1.118248
0.563000 -1.114138
0.568000 -1.110028
0.573000 -1.105918
0.578000 -1.082994
0.583000 -0.933167
0.588000 -0.930199
0.593000 -0.927231
0.598000 -0.924263
0.603000 -0.921295
0.608000 -0.918326
0.613000 -0.915358
0.618000 -0.912390
0.623000 -0.909422
0.628000 -0.835738
0.633000 -0.804335
0.638000 -0.801984
0.643000 -0.799634
0.648000 -0.797283
0.653000 -0.794933
0.658000 -0.792583
0.663000 -0.790232
0.668000 -0.787882
0.673000 -0.785532
0.678000 -0.736366
0.683000 -0.659247
0.688000 -0.657573
0.693000 -0.655899
0.698000 -0.654225
0.703000 -0.652551
0.708000 -0.650877
0.713000 -0.649203
0.718000 -0.647529
0.723000 -0.645855
0.728000 -0.644180
0.733000 -0.642506
0.738000 -0.572065
0.743000 -0.556929
0.748000 -0.555659
0.753000 -0.554389
0.758000 -0.553120
0.763000 -0.551850
0.768000 -0.550580
0.773000 -0.549310
0.778000 -0.548040
0.783000 -0.546770
0.788000 -0.545500
0.793000 -0.544231
0.798000 -0.535190
0.803000 -0.472051
0.808000 -0.471087
0.813000 -0.470124
0.818000 -0.469160
0.823000 -0.468196
0.828000 -0.467232
0.833000 -0.466268
0.838000 -0.465304
0.843000 -0.464340
0.848000 -0.463376
0.853000 -0.462412
0.858000 -0.461448
0.863000 -0.460484
0.868000 -0.456633
0.873000 -0.398373
0.878000 -0.397646
0.883000 -0.396918
0.888000 -0.396191
0.893000 -0.395464
0.898000 -0.394736
0.903000 -0.394009
0.908000 -0.393282
0.913000 -0.392554
0.918000 -0.391827
0.923000 -0.391100
0.928000 -0.390372
0.933000 -0.389645
0.938000 -0.388918
0.943000 -0.388190
0.948000 -0.373241
0.953000 -0.333280
0.958000 -0.332740
0.963000 -0.332200
0.968000 -0.331660
0.973000 -0.331120
0.978000 -0.330580
0.983000 -0.330040
0.988000 -0.329500
0.993000 -0.328960
0.998000 -0.328420
1.003000 -0.327880
1.008000 -0.327341
1.013000 -0.326801
1.018000 -0.326261
1.023000 -0.325721
1.028000 -0.325181
1.033000 -0.324641
1.038000 -0.296783
1.043000 -0.279562
1.048000 -0.279159
1.053000 -0.278756
1.058000 -0.278353
1.063000 -0.277950
1.068000 -0.277547
1.073000 -0.277145
1.078000 -0.276742
1.083000 -0.276339
1.088000 -0.275936
1.093000 -0.275533
1.098000 -0.275130
1.103000 -0.274727
1.108000 -0.274324
1.113000 -0.273922
1.118000 -0.273519
1.123000 -0.273116
1.128000 -0.272713
1.133000 -0.272310
1.138000 -0.253192
1.143000 -0.237279
1.148000 -0.236971
1.153000 -0.236663
1.158000 -0.236356
1.163000 -0.236048
1.168000 -0.235741
1.173000 -0.235433
1.178000 -0.235125
1.183000 -0.234818
1.188000 -0.234510
1.193000 -0.234203
1.198000 -0.233895
1.203000 -0.233588
1.208000 -0.233280
1.213000 -0.232972
1.218000 -0.232665
1.223000 -0.232357
1.228000 -0.232050
1.233000 -0.231742
1.238000 -0.231434
1.243000 -0.231127
1.248000 -0.230819
1.253000 -0.224006
1.258000 -0.198130
1.263000 -0.197902
1.268000 -0.197674
1.273000 -0.197447
1.278000 -0.197219
1.283000 -0.196991
1.288000 -0.196763
1.293000 -0.196535
1.298000 -0.196308
1.303000 -0.196080
1.308000 -0.195852
1.313000 -0.195624
1.318000 -0.195396
1.323000 -0.195169
1.328000 -0.194941
1.333000 -0.194713
1.338000 -0.194485
1.343000 -0.194258
1.348000 -0.194030
1.353000 -0.193802
1.358000 -0.193574
1.363000 -0.193346
1.368000 -0.193119
1.373000 -0.192891
1.378000 -0.192663
1.383000 -0.192435
1.388000 -0.192207
1.393000 -0.168471
1.398000 -0.166510
1.403000 -0.166338
1.408000 -0.166167
1.413000 -0.165995
1.418000 -0.165823
1.423000 -0.165652
1.428000 -0.165480
1.433000 -0.165308
1.438000 -0.165137
1.443000 -0.164965
1.448000 -0.164793
1.453000 -0.164621
1.458000 -0.164450
1.463000 -0.164278
1.468000 -0.164106
1.473000 -0.163935
1.478000 -0.163763
1.483000 -0.163591
1.488000 -0.163420
1.493000 -0.163248
1.498000 -0.163076
1.503000 -0.162905
1.508000 -0.162733
1.513000 -0.162561
1.518000 -0.162390
1.523000 -0.162218
1.528000 -0.162046
1.533000 -0.161875
1.538000 -0.161703
1.543000 -0.161531
1.548000 -0.161359
1.553000 -0.153234
1.558000 -0.137450
1.563000 -0.137325
1.568000 -0.137200
1.573000 -0.137075
1.578000 -0.136950
1.583000 -0.136824
1.588000 -0.136699
1.593000 -0.136574
1.598000 -0.136449
1.603000 -0.136324
1.608000 -0.136199
1.613000 -0.136074
1.618000 -0.135949
1.623000 -0.135824
1.628000 -0.135699
1.633000 -0.135574
1.638000 -0.135449
1.643000 -0.135324
1.648000 -0.135198
1.653000 -0.135073
1.658000 -0.134948
1.663000 -0.134823
1.668000 -0.134698
1.673000 -0.134573
1.678000 -0.134448
1.683000 -0.134323
1.688000 -0.134198
1.693000 -0.134073
1.698000 -0.133948
1.703000 -0.133823
1.708000 -0.133698
1.713000 -0.133572
1.718000 -0.133447
1.723000 -0.133322
1.728000 -0.133197
1.733000 -0.133072
1.738000 -0.132947
1.743000 -0.132822
1.748000 -0.130617
1.753000 -0.114320
1.758000 -0.114228
1.763000 -0.114135
1.768000 -0.114042
1.773000 -0.113949
1.778000 -0.113856
1.783000 -0.113763
1.788000 -0.113670
1.793000 -0.113577
1.798000 -0.113484
1.803000 -0.113391
1.808000 -0.113298
1.813000 -0.113205
1.818000 -0.113112
1.823000 -0.113019
1.828000 -0.112926
1.833000 -0.112833
1.838000 -0.112740
1.843000 -0.112647
1.848000 -0.112554
1.853000 -0.112461
1.858000 -0.112368
1.863000 -0.112275
1.868000 -0.112182
1.873000 -0.112089
1.878000 -0.111996
1.883000 -0.111903
1.888000 -0.111810
1.893000 -0.111717
1.898000 -0.111624
1.903000 -0.111531
1.908000 -0.111438
1.913000 -0.111345
1.918000 -0.111252
1.923000 -0.111159
1.928000 -0.111066
1.933000 -0.110973
1.938000 -0.110880
1.943000 -0.110787
1.948000 -0.110694
1.953000 -0.110601
1.958000 -0.110508
1.963000 -0.110415
1.968000 -0.110322
1.973000 -0.110229
1.978000 -0.110136
1.983000 -0.103701
1.988000 -0.093533
1.993000 -0.093466
1.998000 -0.093398
2.003000 -0.093331
2.008000 -0.093264
2.013000 -0.093196
2.018000 -0.093129
2.023000 -0.093062
2.028000 -0.092995
2.033000 -0.092927
2.038000 -0.092860
2.043000 -0.092793
2.048000 -0.092725
2.053000 -0.092658
2.058000 -0.092591
2.063000 -0.092524
2.068000 -0.092456
2.073000 -0.092389
2.078000 -0.092322
2.083000 -0.092255
2.088000 -0.092187
2.093000 -0.092120
2.098000 -0.092053
2.103000 -0.091985
2.108000 -0.091918
2.113000 -0.091851
2.118000 -0.091784
2.123000 -0.091716
2.128000 -0.091649
2.133000 -0.091582
2.138000 -0.091514
2.143000 -0.091447
2.148000 -0.091380
2.153000 -0.091313
2.158000 -0.091245
2.163000 -0.091178
2.168000 -0.091111
2.173000 -0.091043
2.178000 -0.090976
2.183000 -0.090909
2.188000 -0.090842
2.193000 -0.090774
2.198000 -0.090707
2.203000 -0.090640
2.208000 -0.090573
2.213000 -0.090505
2.218000 -0.090438
2.223000 -0.090371
2.228000 -0.090303
2.233000 -0.090236
2.238000 -0.090169
2.243000 -0.090102
2.248000 -0.090034
2.253000 -0.089967
2.258000 -0.086641
2.263000 -0.075849
2.268000 -0.075801
2.273000 -0.075754
2.278000 -0.075706
2.283000 -0.075658
2.288000 -0.075610
2.293000 -0.075562
2.298000 -0.075514
2.303000 -0.075466
2.308000 -0.075418
2.313000 -0.075370
2.318000 -0.075322
2.323000 -0.075274
2.328000 -0.075226
2.333000 -0.075178
2.338000 -0.075130
2.343000 -0.075082
2.348000 -0.075034
2.353000 -0.074986
2.358000 -0.074938
2.363000 -0.074890
2.368000 -0.074842
2.373000 -0.074794
2.378000 -0.074746
2.383000 -0.074698
2.388000 -0.074651
2.393000 -0.074603
2.398000 -0.074555
2.403000 -0.074507
2.408000 -0.074459
2.413000 -0.074411
2.418000 -0.074363
2.423000 -0.074315
2.428000 -0.074267
2.433000 -0.074219
2.438000 -0.074171
2.443000 -0.074123
2.448000 -0.074075
2.453000 -0.074027
2.458000 -0.073979
2.463000 -0.073931
2.468000 -0.073883
2.473000 -0.073835
2.478000 -0.073787
2.483000 -0.073739
2.488000 -0.073691
2.493000 -0.073643
2.498000 -0.073595
2.503000 -0.073548
2.508000 -0.073500
2.513000 -0.073452
2.518000 -0.073404
2.523000 -0.073356
2.528000 -0.073308
2.533000 -0.073260
2.538000 -0.073212
2.543000 -0.073164
2.548000 -0.073116
2.553000 -0.073068
2.558000 -0.073020
2.563000 -0.072972
2.568000 -0.072924
2.573000 -0.072876
2.578000 -0.067661
2.583000 -0.061420
2.588000 -0.061386
2.593000 -0.061352
2.598000 -0.061317
2.603000 -0.061283
2.608000 -0.061249
2.613000 -0.061215
2.618000 -0.061181
2.623000 -0.061147
2.628000 -0.061112
2.633000 -0.061078
2.638000 -0.061044
2.643000 -0.061010
2.648000 -0.060976
2.653000 -0.060942
2.658000 -0.060908
2.663000 -0.060873
2.668000 -0.060839
2.673000 -0.060805
2.678000 -0.060771
2.683000 -0.060737
2.688000 -0.060703
2.693000 -0.060669
2.698000 -0.060634
2.703000 -0.060600
2.708000 -0.060566
2.713000 -0.060532
2.718000 -0.060498
2.723000 -0.060464
2.728000 -0.060430
2.733000 -0.060395
2.738000 -0.060361
2.743000 -0.060327
2.748000 -0.060293
2.753000 -0.060259
2.758000 -0.060225
2.763000 -0.060191
2.768000 -0.060156
2.773000 -0.060122
2.778000 -0.060088
2.783000 -0.060054
2.788000 -0.060020
2.793000 -0.059986
2.798000 -0.059951
2.803000 -0.059917
2.808000 -0.059883
2.813000 -0.059849
2.818000 -0.059815
2.823000 -0.059781
2.828000 -0.059747
2.833000 -0.059712
2.838000 -0.059678
2.843000 -0.059644
2.848000 -0.059610
2.853000 -0.059576
2.858000 -0.059542
2.863000 -0.059508
2.868000 -0.059473
2.873000 -0.059439
2.878000 -0.059405
2.883000 -0.059371
2.888000 -0.059337
2.893000 -0.059303
2.898000 -0.059269
2.903000 -0.059234
2.908000 -0.059200
2.913000 -0.059166
2.918000 -0.059132
2.923000 -0.059098
2.928000 -0.059064
2.933000 -0.059030
2.938000 -0.058995
2.943000 -0.054175
2.948000 -0.049883
2.953000 -0.049858
2.958000 -0.049834
2.963000 -0.049809
2.968000 -0.049785
2.973000 -0.049760
2.978000 -0.049736
2.983000 -0.049711
2.988000 -0.049687
2.993000 -0.049662
2.998000 -0.049638
3.003000 -0.049614
3.008000 -0.049589
3.013000 -0.049565
3.018000 -0.049540
3.023000 -0.049516
3.028000 -0.049491
3.033000 -0.049467
3.038000 -0.049442
3.043000 -0.049418
3.048000 -0.049393
3.053000 -0.049369
3.058000 -0.049344
3.063000 -0.049320
3.068000 -0.049295
3.073000 -0.049271
3.078000 -0.049247
3.083000 -0.049222
3.088000 -0.049198
3.093000 -0.049173
3.098000 -0.049149
3.103000 -0.049124
3.108000 -0.049100
3.113000 -0.049075
3.118000 -0.049051
3.123000 -0.049026
3.128000 -0.049002
3.133000 -0.048977
3.138000 -0.048953
3.143000 -0.048928
3.148000 -0.048904
3.153000 -0.048880
3.158000 -0.048855
3.163000 -0.048831
3.168000 -0.048806
3.173000 -0.048782
3.178000 -0.048757
3.183000 -0.048733
3.188000 -0.048708
3.193000 -0.048684
3.198000 -0.048659
3.203000 -0.048635
3.208000 -0.048610
3.213000 -0.048586
3.218000 -0.048562
3.223000 -0.048537
3.228000 -0.048513
3.233000 -0.048488
3.238000 -0.048464
3.243000 -0.048439
3.248000 -0.048415
3.253000 -0.048390
3.258000 -0.048366
3.263000 -0.048341
3.268000 -0.048317
3.273000 -0.048292
3.278000 -0.048268
3.283000 -0.048243
3.288000 -0.048219
3.293000 -0.048195
3.298000 -0.048170
3.303000 -0.048146
3.308000 -0.048121
3.313000 -0.048097
3.318000 -0.048072
3.323000 -0.048048
3.328000 -0.048023
3.333000 -0.047999
3.338000 -0.047974
3.343000 -0.047950
3.348000 -0.047925
3.353000 -0.047901
3.358000 -0.047876
3.363000 -0.040903
3.368000 -0.040672
3.373000 -0.040654
3.378000 -0.040636
3.383000 -0.040619
3.388000 -0.040601
3.393000 -0.040583
3.398000 -0.040566
3.403000 -0.040548
3.408000 -0.040530
3.413000 -0.040512
3.418000 -0.040495
3.423000 -0.040477
3.428000 -0.040459
3.433000 -0.040442
3.438000 -0.040424
3.443000 -0.040406
3.448000 -0.040389
3.453000 -0.040371
3.458000 -0.040353
3.463000 -0.040336
3.468000 -0.040318
3.473000 -0.040300
3.478000 -0.040283
3.483000 -0.040265
3.488000 -0.040247
3.493000 -0.040229
3.498000 -0.040212
3.503000 -0.040194
3.508000 -0.040176
3.513000 -0.040159
3.518000 -0.040141
3.523000 -0.040123
3.528000 -0.040106
3.533000 -0.040088
3.538000 -0.040070
3.543000 -0.040053
3.548000 -0.040035
3.553000 -0.040017
3.558000 -0.040000
3.563000 -0.039982
3.568000 -0.039964
3.573000 -0.039946
3.578000 -0.039929
3.583000 -0.039911
3.588000 -0.039893
3.593000 -0.039876
3.598000 -0.039858
3.603000 -0.039840
3.608000 -0.039823
3.613000 -0.039805
3.618000 -0.039787
3.623000 -0.039770
3.628000 -0.039752
3.633000 -0.039734
3.638000 -0.039717
3.643000 -0.039699
3.648000 -0.039681
3.653000 -0.039663
3.658000 -0.039646
3.663000 -0.039628
3.668000 -0.039610
3.673000 -0.039593
3.678000 -0.039575
3.683000 -0.039557
3.688000 -0.039540
3.693000 -0.039522
3.698000 -0.039504
3.703000 -0.039487
3.708000 -0.039469
3.713000 -0.039451
3.718000 -0.039434
3.723000 -0.039416
3.728000 -0.039398
3.733000 -0.039380
3.738000 -0.039363
3.743000 -0.039345
3.748000 -0.039327
3.753000 -0.039310
3.758000 -0.039292
3.763000 -0.039274
3.768000 -0.039257
3.773000 -0.039239
3.778000 -0.039221
3.783000 -0.039204
3.788000 -0.039186
3.793000 -0.039168
3.798000 -0.039151
3.803000 -0.039133
3.808000 -0.039115
3.813000 -0.039097
3.818000 -0.039080
3.823000 -0.039062
3.828000 -0.039044
3.833000 -0.039027
3.838000 -0.034366
3.843000 -0.032506
3.848000 -0.032494
3.853000 -0.032481
3.858000 -0.032469
3.863000 -0.032457
3.868000 -0.032444
3.873000 -0.032432
3.878000 -0.032420
3.883000 -0.032408
3.888000 -0.032395
3.893000 -0.032383
3.898000 -0.032371
3.903000 -0.032358
3.908000 -0.032346
3.913000 -0.032334
3.918000 -0.032321
3.923000 -0.032309
3.928000 -0.032297
3.933000 -0.032285
3.938000 -0.032272
3.943000 -0.032260
3.948000 -0.032248
3.953000 -0.032235
3.958000 -0.032223
3.963000 -0.032211
3.968000 -0.032199
3.973000 -0.032186
3.978000 -0.032174
3.983000 -0.032162
3.988000 -0.032149
3.993000 -0.032137
3.998000 -0.032125
4.003000 -0.032113
4.008000 -0.032100
4.013000 -0.032088
4.018000 -0.032076
4.023000 -0.032063
4.028000 -0.032051
4.033000 -0.032039
4.038000 -0.032026
4.043000 -0.032014
4.048000 -0.032002
4.053000 -0.031990
4.058000 -0.031977
4.063000 -0.031965
4.068000 -0.031953
4.073000 -0.031940
4.078000 -0.031928
4.083000 -0.031916
4.088000 -0.031904
4.093000 -0.031891
4.098000 -0.031879
4.103000 -0.031867
4.108000 -0.031854
4.113000 -0.031842
4.118000 -0.031830
4.123000 -0.031818
4.128000 -0.031805
4.133000 -0.031793
4.138000 -0.031781
4.143000 -0.031768
4.148000 -0.031756
4.153000 -0.031744
4.158000 -0.031732
4.163000 -0.031719
4.168000 -0.031707
4.173000 -0.031695
4.178000 -0.031682
4.183000 -0.031670
4.188000 -0.031658
4.193000 -0.031645
4.198000 -0.031633
4.203000 -0.031621
4.208000 -0.031609
4.213000 -0.031596
4.218000 -0.031584
4.223000 -0.031572
4.228000 -0.031559
4.233000 -0.031547
4.238000 -0.031535
4.243000 -0.031523
4.248000 -0.031510
4.253000 -0.031498
4.258000 -0.031486
4.263000 -0.031473
4.268000 -0.031461
4.273000 -0.031449
4.278000 -0.031437
4.283000 -0.031424
4.288000 -0.031412
4.293000 -0.031400
4.298000 -0.031387
4.303000 -0.031375
4.308000 -0.031363
4.313000 -0.031350
4.318000 -0.031338
4.323000 -0.031326
4.328000 -0.031314
4.333000 -0.031301
4.338000 -0.031289
4.343000 -0.031277
4.348000 -0.031264
4.353000 -0.031252
4.358000 -0.031240
4.363000 -0.031228
4.368000 -0.031215
4.373000 -0.031203
4.378000 -0.029573
4.383000 -0.026616
4.388000 -0.026607
4.393000 -0.026598
4.398000 -0.026589
4.403000 -0.026580
4.408000 -0.026571
4.413000 -0.026562
4.418000 -0.026553
4.423000 -0.026544
4.428000 -0.026535
4.433000 -0.026527
4.438000 -0.026518
4.443000 -0.026509
4.448000 -0.026500
4.453000 -0.026491
4.458000 -0.026482
4.463000 -0.026473
4.468000 -0.026464
4.473000 -0.026455
4.478000 -0.026446
4.483000 -0.026437
4.488000 -0.026428
4.493000 -0.026419
4.498000 -0.026410
4.503000 -0.026401
4.508000 -0.026392
4.513000 -0.026383
4.518000 -0.026374
4.523000 -0.026365
4.528000 -0.026356
4.533000 -0.026347
4.538000 -0.026338
4.543000 -0.026329
4.548000 -0.026321
4.553000 -0.026312
4.558000 -0.026303
4.563000 -0.026294
4.568000 -0.026285
4.573000 -0.026276
4.578000 -0.026267
4.583000 -0.026258
4.588000 -0.026249
4.593000 -0.026240
4.598000 -0.026231
4.603000 -0.026222
4.608000 -0.026213
4.613000 -0.026204
4.618000 -0.026195
4.623000 -0.026186
4.628000 -0.026177
4.633000 -0.026168
4.638000 -0.026159
4.643000 -0.026150
4.648000 -0.026141
4.653000 -0.026132
4.658000 -0.026124
4.663000 -0.026115
4.668000 -0.026106
4.673000 -0.026097
4.678000 -0.026088
4.683000 -0.026079
4.688000 -0.026070
4.693000 -0.026061
4.698000 -0.026052
4.703000 -0.026043
4.708000 -0.026034
4.713000 -0.026025
4.718000 -0.026016
4.723000 -0.026007
4.728000 -0.025998
4.733000 -0.025989
4.738000 -0.025980
4.743000 -0.025971
4.748000 -0.025962
4.753000 -0.025953
4.758000 -0.025944
4.763000 -0.025935
4.768000 -0.025926
4.773000 -0.025918
4.778000 -0.025909
4.783000 -0.025900
4.788000 -0.025891
4.793000 -0.025882
4.798000 -0.025873
4.803000 -0.025864
4.808000 -0.025855
4.813000 -0.025846
4.818000 -0.025837
4.823000 -0.025828
4.828000 -0.025819
4.833000 -0.025810
4.838000 -0.025801
4.843000 -0.025792
4.848000 -0.025783
4.853000 -0.025774
4.858000 -0.025765
4.863000 -0.025756
4.868000 -0.025747
4.873000 -0.025738
4.878000 -0.025729
4.883000 -0.025720
4.888000 -0.025712
4.893000 -0.025703
4.898000 -0.025694
4.903000 -0.025685
4.908000 -0.025676
4.913000 -0.025667
4.918000 -0.025658
4.923000 -0.025649
4.928000 -0.025640
4.933000 -0.025631
4.938000 -0.025622
4.943000 -0.025613
4.948000 -0.025604
4.953000 -0.025595
4.958000 -0.025586
4.963000 -0.025577
4.968000 -0.025568
4.973000 -0.025559
4.978000 -0.025550
4.983000 -0.025541
4.988000 -0.024393
4.993000 -0.021601
4.998000 -0.021595
5.003000 -0.021588
5.008000 -0.021582
5.013000 -0.021576
5.018000 -0.021569
5.023000 -0.021563
5.028000 -0.021556
5.033000 -0.021550
5.038000 -0.021544
5.043000 -0.021537
5.048000 -0.021531
5.053000 -0.021524
5.058000 -0.021518
5.063000 -0.021512
5.068000 -0.021505
5.073000 -0.021499
5.078000 -0.021492
5.083000 -0.021486
5.088000 -0.021479
5.093000 -0.021473
5.098000 -0.021467
5.103000 -0.021460
5.108000 -0.021454
5.113000 -0.021447
5.118000 -0.021441
5.123000 -0.021435
5.128000 -0.021428
5.133000 -0.021422
5.138000 -0.021415
5.143000 -0.021409
5.148000 -0.021402
5.153000 -0.021396
5.158000 -0.021390
5.163000 -0.021383
5.168000 -0.021377
5.173000 -0.021370
5.178000 -0.021364
5.183000 -0.021358
5.188000 -0.021351
5.193000 -0.021345
5.198000 -0.021338
5.203000 -0.021332
5.208000 -0.021325
5.213000 -0.021319
5.218000 -0.021313
5.223000 -0.021306
5.228000 -0.021300
5.233000 -0.021293
5.238000 -0.021287
5.243000 -0.021281
5.248000 -0.021274
5.253000 -0.021268
5.258000 -0.021261
5.263000 -0.021255
5.268000 -0.021249
5.273000 -0.021242
5.278000 -0.021236
5.283000 -0.021229
5.288000 -0.021223
5.293000 -0.021216
5.298000 -0.021210
5.303000 -0.021204
5.308000 -0.021197
5.313000 -0.021191
5.318000 -0.021184
5.323000 -0.021178
5.328000 -0.021172
5.333000 -0.021165
5.338000 -0.021159
5.343000 -0.021152
5.348000 -0.021146
5.353000 -0.021139
5.358000 -0.021133
5.363000 -0.021127
5.368000 -0.021120
5.373000 -0.021114
5.378000 -0.021107
5.383000 -0.021101
5.388000 -0.021095
5.393000 -0.021088
5.398000 -0.021082
5.403000 -0.021075
5.408000 -0.021069
5.413000 -0.021062
5.418000 -0.021056
5.423000 -0.021050
5.428000 -0.021043
5.433000 -0.021037
5.438000 -0.021030
5.443000 -0.021024
5.448000 -0.021018
5.453000 -0.021011
5.458000 -0.021005
5.463000 -0.020998
5.468000 -0.020992
5.473000 -0.020986
5.478000 -0.020979
5.483000 -0.020973
5.488000 -0.020966
5.493000 -0.020960
5.498000 -0.020953
5.503000 -0.020947
5.508000 -0.020941
5.513000 -0.020934
5.518000 -0.020928
5.523000 -0.020921
5.528000 -0.020915
5.533000 -0.020909
5.538000 -0.020902
5.543000 -0.020896
5.548000 -0.020889
5.553000 -0.020883
5.558000 -0.020876
5.563000 -0.020870
5.568000 -0.020864
5.573000 -0.020857
5.578000 -0.020851
5.583000 -0.020844
5.588000 -0.020838
5.593000 -0.020832
5.598000 -0.020825
5.603000 -0.020819
5.608000 -0.020812
5.613000 -0.020806
5.618000 -0.020799
5.623000 -0.020793
5.628000 -0.020787
5.633000 -0.020780
5.638000 -0.020774
5.643000 -0.020767
5.648000 -0.020761
5.653000 -0.020755
5.658000 -0.020748
5.663000 -0.020742
5.668000 -0.020735
5.673000 -0.020729
5.678000 -0.020723
5.683000 -0.017485
5.688000 -0.017441
5.693000 -0.017437
5.698000 -0.017432
5.703000 -0.017427
5.708000 -0.017423
5.713000 -0.017418
5.718000 -0.017414
5.723000 -0.017409
5.728000 -0.017405
5.733000 -0.017400
5.738000 -0.017396
5.743000 -0.017391
5.748000 -0.017386
5.753000 -0.017382
5.758000 -0.017377
5.763000 -0.017373
5.768000 -0.017368
5.773000 -0.017364
5.778000 -0.017359
5.783000 -0.017355
5.788000 -0.017350
5.793000 -0.017346
5.798000 -0.017341
5.803000 -0.017336
5.808000 -0.017332
5.813000 -0.017327
5.818000 -0.017323
5.823000 -0.017318
5.828000 -0.017314
5.833000 -0.017309
5.838000 -0.017305
5.843000 -0.017300
5.848000 -0.017296
5.853000 -0.017291
5.858000 -0.017286
5.863000 -0.017282
5.868000 -0.017277
5.873000 -0.017273
5.878000 -0.017268
5.883000 -0.017264
5.888000 -0.017259
5.893000 -0.017255
5.898000 -0.017250
5.903000 -0.017245
5.908000 -0.017241
5.913000 -0.017236
5.918000 -0.017232
5.923000 -0.017227
5.928000 -0.017223
5.933000 -0.017218
5.938000 -0.017214
5.943000 -0.017209
5.948000 -0.017205
5.953000 -0.017200
5.958000 -0.017195
5.963000 -0.017191
5.968000 -0.017186
5.973000 -0.017182
5.978000 -0.017177
5.983000 -0.017173
5.988000 -0.017168
5.993000 -0.017164
5.998000 -0.017159
6.003000 -0.017154
6.008000 -0.017150
6.013000 -0.017145
6.018000 -0.017141
6.023000 -0.017136
6.028000 -0.017132
6.033000 -0.017127
6.038000 -0.017123
6.043000 -0.017118
6.048000 -0.017114
6.053000 -0.017109
6.058000 -0.017104
6.063000 -0.017100
6.068000 -0.017095
6.073000 -0.017091
6.078000 -0.017086
6.083000 -0.017082
6.088000 -0.017077
6.093000 -0.017073
6.098000 -0.017068
6.103000 -0.017064
6.108000 -0.017059
6.113000 -0.017054
6.118000 -0.017050
6.123000 -0.017045
6.128000 -0.017041
6.133000 -0.017036
6.138000 -0.017032
6.143000 -0.017027
6.148000 -0.017023
6.153000 -0.017018
6.158000 -0.017013
6.163000 -0.017009
6.168000 -0.017004
6.173000 -0.017000
6.178000 -0.016995
6.183000 -0.016991
6.188000 -0.016986
6.193000 -0.016982
6.198000 -0.016977
6.203000 -0.016973
6.208000 -0.016968
6.213000 -0.016963
6.218000 -0.016959
6.223000 -0.016954
6.228000 -0.016950
6.233000 -0.016945
6.238000 -0.016941
6.243000 -0.016936
6.248000 -0.016932
6.253000 -0.016927
6.258000 -0.016923
6.263000 -0.016918
6.268000 -0.016913
6.273000 -0.016909
6.278000 -0.016904
6.283000 -0.016900
6.288000 -0.016895
6.293000 -0.016891
6.298000 -0.016886
6.303000 -0.016882
6.308000 -0.016877
6.313000 -0.016872
6.318000 -0.016868
6.323000 -0.016863
6.328000 -0.016859
6.333000 -0.016854
6.338000 -0.016850
6.343000 -0.016845
6.348000 -0.016841
6.353000 -0.016836
6.358000 -0.016832
6.363000 -0.016827
6.368000 -0.016822
6.373000 -0.016818
6.378000 -0.016813
6.383000 -0.016809
6.388000 -0.016804
6.393000 -0.016800
6.398000 -0.016795
6.403000 -0.016791
6.408000 -0.016786
6.413000 -0.016781
6.418000 -0.016777
6.423000 -0.016772
6.428000 -0.016768
6.433000 -0.016763
6.438000 -0.016759
6.443000 -0.016754
6.448000 -0.016750
6.453000 -0.016745
6.458000 -0.016741
6.463000 -0.016736
6.468000 -0.015408
6.473000 -0.014113
6.478000 -0.014110
6.483000 -0.014107
6.488000 -0.014104
6.493000 -0.014100
6.498000 -0.014097
6.503000 -0.014094
6.508000 -0.014091
6.513000 -0.014087
6.518000 -0.014084
6.523000 -0.014081
6.528000 -0.014078
6.533000 -0.014074
6.538000 -0.014071
6.543000 -0.014068
6.548000 -0.014065
6.553000 -0.014061
6.558000 -0.014058
6.563000 -0.014055
6.568000 -0.014052
6.573000 -0.014049
6.578000 -0.014045
6.583000 -0.014042
6.588000 -0.014039
6.593000 -0.014036
6.598000 -0.014032
6.603000 -0.014029
6.608000 -0.014026
6.613000 -0.014023
6.618000 -0.014019
6.623000 -0.014016
6.628000 -0.014013
6.633000 -0.014010
6.638000 -0.014006
6.643000 -0.014003
6.648000 -0.014000
6.653000 -0.013997
6.658000 -0.013993
6.663000 -0.013990
6.668000 -0.013987
6.673000 -0.013984
6.678000 -0.013981
6.683000 -0.013977
6.688000 -0.013974
6.693000 -0.013971
6.698000 -0.013968
6.703000 -0.013964
6.708000 -0.013961
6.713000 -0.013958
6.718000 -0.013955
6.723000 -0.013951
6.728000 -0.013948
6.733000 -0.013945
6.738000 -0.013942
6.743000 -0.013938
6.748000 -0.013935
6.753000 -0.013932
6.758000 -0.013929
6.763000 -0.013925
6.768000 -0.013922
6.773000 -0.013919
6.778000 -0.013916
6.783000 -0.013913
6.788000 -0.013909
6.793000 -0.013906
6.798000 -0.013903
6.803000 -0.013900
6.808000 -0.013896
6.813000 -0.013893
6.818000 -0.013890
6.823000 -0.013887
6.828000 -0.013883
6.833000 -0.013880
6.838000 -0.013877
6.843000 -0.013874
6.848000 -0.013870
6.853000 -0.013867
6.858000 -0.013864
6.863000 -0.013861
6.868000 -0.013857
6.873000 -0.013854
6.878000 -0.013851
6.883000 -0.013848
6.888000 -0.013845
6.893000 -0.013841
6.898000 -0.013838
6.903000 -0.013835
6.908000 -0.013832
6.913000 -0.013828
6.918000 -0.013825
6.923000 -0.013822
6.928000 -0.013819
6.933000 -0.013815
6.938000 -0.013812
6.943000 -0.013809
6.948000 -0.013806
6.953000 -0.013802
6.958000 -0.013799
6.963000 -0.013796
6.968000 -0.013793
6.973000 -0.013789
6.978000 -0.013786
6.983000 -0.013783
6.988000 -0.013780
6.993000 -0.013777
6.998000 -0.013773
7.003000 -0.013770
7.008000 -0.013767
7.013000 -0.013764
7.018000 -0.013760
7.023000 -0.013757
7.028000 -0.013754
7.033000 -0.013751
7.038000 -0.013747
7.043000 -0.013744
7.048000 -0.013741
7.053000 -0.013738
7.058000 -0.013734
7.063000 -0.013731
7.068000 -0.013728
7.073000 -0.013725
7.078000 -0.013721
7.083000 -0.013718
7.088000 -0.013715
7.093000 -0.013712
7.098000 -0.013709
7.103000 -0.013705
7.108000 -0.013702
7.113000 -0.013699
7.118000 -0.013696
7.123000 -0.013692
7.128000 -0.013689
7.133000 -0.013686
7.138000 -0.013683
7.143000 -0.013679
7.148000 -0.013676
7.153000 -0.013673
7.158000 -0.013670
7.163000 -0.013666
7.168000 -0.013663
7.173000 -0.013660
7.178000 -0.013657
7.183000 -0.013653
7.188000 -0.013650
7.193000 -0.013647
7.198000 -0.013644
7.203000 -0.013641
7.208000 -0.013637
7.213000 -0.013634
7.218000 -0.013631
7.223000 -0.013628
7.228000 -0.013624
7.233000 -0.013621
7.238000 -0.013618
7.243000 -0.013615
7.248000 -0.013611
7.253000 -0.013608
7.258000 -0.013605
7.263000 -0.013602
7.268000 -0.013598
7.273000 -0.013595
7.278000 -0.013592
7.283000 -0.013589
7.288000 -0.013585
7.293000 -0.013582
7.298000 -0.013579
7.303000 -0.013576
7.308000 -0.013573
7.313000 -0.013569
7.318000 -0.013566
7.323000 -0.013563
7.328000 -0.013560
7.333000 -0.013556
7.338000 -0.013553
7.343000 -0.013550
7.348000 -0.013547
7.353000 -0.013543
7.358000 -0.013540
7.363000 -0.012414
7.368000 -0.011395
7.373000 -0.011393
7.378000 -0.011390
7.383000 -0.011388
7.388000 -0.011386
7.393000 -0.011383
7.398000 -0.011381
7.403000 -0.011379
7.408000 -0.011377
7.413000 -0.011374
7.418000 -0.011372
7.423000 -0.011370
7.428000 -0.011367
7.433000 -0.011365
7.438000 -0.011363
7.443000 -0.011360
7.448000 -0.011358
7.453000 -0.011356
7.458000 -0.011354
7.463000 -0.011351
7.468000 -0.011349
7.473000 -0.011347
7.478000 -0.011344
7.483000 -0.011342
7.488000 -0.011340
7.493000 -0.011337
7.498000 -0.011335
7.503000 -0.011333
7.508000 -0.011331
7.513000 -0.011328
7.518000 -0.011326
7.523000 -0.011324
7.528000 -0.011321
7.533000 -0.011319
7.538000 -0.011317
7.543000 -0.011315
7.548000 -0.011312
7.553000 -0.011310
7.558000 -0.011308
7.563000 -0.011305
7.568000 -0.011303
7.573000 -0.011301
7.578000 -0.011298
7.583000 -0.011296
7.588000 -0.011294
7.593000 -0.011292
7.598000 -0.011289
7.603000 -0.011287
7.608000 -0.011285
7.613000 -0.011282
7.618000 -0.011280
7.623000 -0.011278
7.628000 -0.011276
7.633000 -0.011273
7.638000 -0.011271
7.643000 -0.011269
7.648000 -0.011266
7.653000 -0.011264
7.658000 -0.011262
7.663000 -0.011259
7.668000 -0.011257
7.673000 -0.011255
7.678000 -0.011253
7.683000 -0.011250
7.688000 -0.011248
7.693000 -0.011246
7.698000 -0.011243
7.703000 -0.011241
7.708000 -0.011239
7.713000 -0.011236
7.718000 -0.011234
7.723000 -0.011232
7.728000 -0.011230
7.733000 -0.011227
7.738000 -0.011225
7.743000 -0.011223
7.748000 -0.011220
7.753000 -0.011218
7.758000 -0.011216
7.763000 -0.011214
7.768000 -0.011211
7.773000 -0.011209
7.778000 -0.011207
7.783000 -0.011204
7.788000 -0.011202
7.793000 -0.011200
7.798000 -0.011197
7.803000 -0.011195
7.808000 -0.011193
7.813000 -0.011191
7.818000 -0.011188
7.823000 -0.011186
7.828000 -0.011184
7.833000 -0.011181
7.838000 -0.011179
7.843000 -0.011177
7.848000 -0.011175
7.853000 -0.011172
7.858000 -0.011170
7.863000 -0.011168
7.868000 -0.011165
7.873000 -0.011163
7.878000 -0.011161
7.883000 -0.011158
7.888000 -0.011156
7.893000 -0.011154
7.898000 -0.011152
7.903000 -0.011149
7.908000 -0.011147
7.913000 -0.011145
7.918000 -0.011142
7.923000 -0.011140
7.928000 -0.011138
7.933000 -0.011135
7.938000 -0.011133
7.943000 -0.011131
7.948000 -0.011129
7.953000 -0.011126
7.958000 -0.011124
7.963000 -0.011122
7.968000 -0.011119
7.973000 -0.011117
7.978000 -0.011115
7.983000 -0.011113
7.988000 -0.011110
7.993000 -0.011108
7.998000 -0.011106
8.003000 -0.011103
8.008000 -0.011101
8.013000 -0.011099
8.018000 -0.011096
8.023000 -0.011094
8.028000 -0.011092
8.033000 -0.011090
8.038000 -0.011087
8.043000 -0.011085
8.048000 -0.011083
8.053000 -0.011080
8.058000 -0.011078
8.063000 -0.011076
8.068000 -0.011074
8.073000 -0.011071
8.078000 -0.011069
8.083000 -0.011067
8.088000 -0.011064
8.093000 -0.011062
8.098000 -0.011060
8.103000 -0.011057
8.108000 -0.011055
8.113000 -0.011053
8.118000 -0.011051
8.123000 -0.011048
8.128000 -0.011046
8.133000 -0.011044
8.138000 -0.011041
8.143000 -0.011039
8.148000 -0.011037
8.153000 -0.011034
8.158000 -0.011032
8.163000 -0.011030
8.168000 -0.011028
8.173000 -0.011025
8.178000 -0.011023
8.183000 -0.011021
8.188000 -0.011018
8.193000 -0.011016
8.198000 -0.011014
8.203000 -0.011012
8.208000 -0.011009
8.213000 -0.011007
8.218000 -0.011005
8.223000 -0.011002
8.228000 -0.011000
8.233000 -0.010998
8.238000 -0.010995
8.243000 -0.010993
8.248000 -0.010991
8.253000 -0.010989
8.258000 -0.010986
8.263000 -0.010984
8.268000 -0.010982
8.273000 -0.010979
8.278000 -0.010977
8.283000 -0.010975
8.288000 -0.010973
8.293000 -0.010768
8.298000 -0.008224
8.303000 -0.008223
8.308000 -0.008222
8.313000 -0.008221
8.318000 -0.008220
8.323000 -0.008220
8.328000 -0.008219
8.333000 -0.008218
8.338000 -0.008217
8.343000 -0.008216
8.348000 -0.008215
8.353000 -0.008012
8.358000 -0.006975
8.363000 -0.006975
8.368000 -0.006974
8.373000 -0.006974
8.378000 -0.006973
8.383000 -0.006972
8.388000 -0.006972
8.393000 -0.006971
8.398000 -0.006970
8.403000 -0.006970
8.408000 -0.006969
8.413000 -0.006969
8.418000 -0.006968
8.423000 -0.006967
8.428000 -0.006967
8.433000 -0.006966
8.438000 -0.006966
8.443000 -0.006965
8.448000 -0.006964
8.453000 -0.006964
8.458000 -0.006963
8.463000 -0.006962
8.468000 -0.006962
8.473000 -0.006961
8.478000 -0.006961
8.483000 -0.006960
8.488000 -0.006959
8.493000 -0.006959
8.498000 -0.006958
8.503000 -0.006957
8.508000 -0.006957
8.513000 -0.006956
8.518000 -0.006956
8.523000 -0.006955
8.528000 -0.006954
8.533000 -0.006954
8.538000 -0.006953
8.543000 -0.006952
8.548000 -0.006952
8.553000 -0.006951
8.558000 -0.006951
8.563000 -0.006950
8.568000 -0.006949
8.573000 -0.006949
8.578000 -0.006948
8.583000 -0.006947
8.588000 -0.006947
8.593000 -0.006946
8.598000 -0.006946
8.603000 -0.006945
8.608000 -0.006944
8.613000 -0.006944
8.618000 -0.006943
8.623000 -0.006942
8.628000 -0.006942
8.633000 -0.006941
8.638000 -0.006941
8.643000 -0.006940
8.648000 -0.006939
8.653000 -0.006939
8.658000 -0.006938
8.663000 -0.006937
8.668000 -0.006937
8.673000 -0.006936
8.678000 -0.006936
8.683000 -0.006935
8.688000 -0.006934
8.693000 -0.006934
8.698000 -0.006933
8.703000 -0.006932
8.708000 -0.006932
8.713000 -0.006931
8.718000 -0.006931
8.723000 -0.006930
8.728000 -0.006929
8.733000 -0.006929
8.738000 -0.006928
8.743000 -0.006927
8.748000 -0.006927
8.753000 -0.006926
8.758000 -0.006926
8.763000 -0.006925
8.768000 -0.006924
8.773000 -0.006924
8.778000 -0.006923
8.783000 -0.006922
8.788000 -0.006922
8.793000 -0.006921
8.798000 -0.006921
8.803000 -0.006920
8.808000 -0.006919
8.813000 -0.006919
8.818000 -0.006918
8.823000 -0.006917
8.828000 -0.006917
8.833000 -0.006916
8.838000 -0.006916
8.843000 -0.006915
8.848000 -0.006914
8.853000 -0.006914
8.858000 -0.006913
8.863000 -0.006912
8.868000 -0.006912
8.873000 -0.006911
8.878000 -0.006911
8.883000 -0.006910
8.888000 -0.006909
8.893000 -0.006909
8.898000 -0.006908
8.903000 -0.006907
8.908000 -0.006907
8.913000 -0.006906
8.918000 -0.006906
8.923000 -0.006905
8.928000 -0.006904
8.933000 -0.006904
8.938000 -0.006903
8.943000 -0.006902
8.948000 -0.006902
8.953000 -0.006901
8.958000 -0.006901
8.963000 -0.006900
8.968000 -0.006899
8.973000 -0.006899
8.978000 -0.006898
8.983000 -0.006897
8.988000 -0.006897
8.993000 -0.006896
8.998000 -0.006895
9.003000 -0.006895
9.008000 -0.006894
9.013000 -0.006894
9.018000 -0.006893
9.023000 -0.006892
9.028000 -0.006892
9.033000 -0.006891
9.038000 -0.006890
9.043000 -0.006890
9.048000 -0.006889
9.053000 -0.006889
9.058000 -0.006888
9.063000 -0.006887
9.068000 -0.006887
9.073000 -0.006886
9.078000 -0.006885
9.083000 -0.006885
9.088000 -0.006884
9.093000 -0.006884
9.098000 -0.006883
9.103000 -0.006882
9.108000 -0.006882
9.113000 -0.006881
9.118000 -0.006880
9.123000 -0.006880
9.128000 -0.006879
9.133000 -0.006879
9.138000 -0.006878
9.143000 -0.006877
9.148000 -0.006877
9.153000 -0.006876
9.158000 -0.006875
9.163000 -0.006875
9.168000 -0.006874
9.173000 -0.006873
9.178000 -0.006873
9.183000 -0.006872
9.188000 -0.006872
9.193000 -0.006871
9.198000 -0.006870
9.203000 -0.006870
9.208000 -0.006869
9.213000 -0.006868
9.218000 -0.006868
9.223000 -0.006867
9.228000 -0.006867
9.233000 -0.006866
9.238000 -0.006865
9.243000 -0.006865
9.248000 -0.006864
9.253000 -0.006863
9.258000 -0.006863
9.263000 -0.006862
9.268000 -0.006861
9.273000 -0.006861
9.278000 -0.006860
9.283000 -0.006860
9.288000 -0.006859
9.293000 -0.006858
9.298000 -0.006858
9.303000 -0.006857
9.308000 -0.006856
9.313000 -0.006856
9.318000 -0.006855
9.323000 -0.006855
9.328000 -0.006854
9.333000 -0.006853
9.338000 -0.006853
9.343000 -0.006852
9.348000 -0.006851
9.353000 -0.006851
9.358000 -0.006850
9.363000 -0.006849
9.368000 -0.006849
9.373000 -0.006848
9.378000 -0.006848
9.383000 -0.006847
9.388000 -0.006846
9.393000 -0.006846
9.398000 -0.006845
9.403000 -0.006844
9.408000 -0.006844
9.413000 -0.006843
9.418000 -0.006843
9.423000 -0.006842
9.428000 -0.006841
9.433000 -0.006841
9.438000 -0.006840
9.443000 -0.006839
9.448000 -0.006839
9.453000 -0.006838
9.458000 -0.006837
9.463000 -0.006837
9.468000 -0.006836
9.473000 -0.006836
9.478000 -0.006835
9.483000 -0.006834
9.488000 -0.006834
9.493000 -0.006833
9.498000 -0.006200
9.503000 -0.005738
9.508000 -0.005738
9.513000 -0.005737
9.518000 -0.005737
9.523000 -0.005736
9.528000 -0.005736
9.533000 -0.005736
9.538000 -0.005735
9.543000 -0.005735
9.548000 -0.005734
9.553000 -0.005734
9.558000 -0.005733
9.563000 -0.005733
9.568000 -0.005732
9.573000 -0.005732
9.578000 -0.005732
9.583000 -0.005731
9.588000 -0.005731
9.593000 -0.005730
9.598000 -0.005730
9.603000 -0.005729
9.608000 -0.005729
9.613000 -0.005728
9.618000 -0.005728
9.623000 -0.005727
9.628000 -0.005727
9.633000 -0.005727
9.638000 -0.005726
9.643000 -0.005726
9.648000 -0.005725
9.653000 -0.005725
9.658000 -0.005724
9.663000 -0.005724
9.668000 -0.005723
9.673000 -0.005723
9.678000 -0.005723
9.683000 -0.005722
9.688000 -0.005722
9.693000 -0.005721
9.698000 -0.005721
9.703000 -0.005720
9.708000 -0.005720
9.713000 -0.005719
9.718000 -0.005719
9.723000 -0.005719
9.728000 -0.005718
9.733000 -0.005718
9.738000 -0.005717
9.743000 -0.005717
9.748000 -0.005716
9.753000 -0.005716
9.758000 -0.005715
9.763000 -0.005715
9.768000 -0.005714
9.773000 -0.005714
9.778000 -0.005714
9.783000 -0.005713
9.788000 -0.005713
9.793000 -0.005712
9.798000 -0.005712
9.803000 -0.005711
9.808000 -0.005711
9.813000 -0.005710
9.818000 -0.005710
9.823000 -0.005710
9.828000 -0.005709
9.833000 -0.005709
9.838000 -0.005708
9.843000 -0.005708
9.848000 -0.005707
9.853000 -0.005707
9.858000 -0.005706
9.863000 -0.005706
9.868000 -0.005705
9.873000 -0.005705
9.878000 -0.005705
9.883000 -0.005704
9.888000 -0.005704
9.893000 -0.005703
9.898000 -0.005703
9.903000 -0.005702
9.908000 -0.005702
9.913000 -0.005701
9.918000 -0.005701
9.923000 -0.005701
9.928000 -0.005700
9.933000 -0.005700
9.938000 -0.005699
9.943000 -0.005699
9.948000 -0.005698
9.953000 -0.005698
9.958000 -0.005697
9.963000 -0.005697
9.968000 -0.005696
9.973000 -0.005696
9.978000 -0.005696
9.983000 -0.005695
9.988000 -0.005695
9.993000 -0.005694
9.998000 -0.005694
10.003000 -0.005693
10.008000 -0.005693
10.013000 -0.005692
10.018000 -0.005692
10.023000 -0.005691
10.028000 -0.005691
10.033000 -0.005691
10.038000 -0.005690
10.043000 -0.005690
10.048000 -0.005689
10.053000 -0.005689
10.058000 -0.005688
10.063000 -0.005688
10.068000 -0.005687
10.073000 -0.005687
10.078000 -0.005687
10.083000 -0.005686
10.088000 -0.005686
10.093000 -0.005685
10.098000 -0.005685
10.103000 -0.005684
10.108000 -0.005684
10.113000 -0.005683
10.118000 -0.005683
10.123000 -0.005682
10.128000 -0.005682
10.133000 -0.005682
10.138000 -0.005681
10.143000 -0.005681
10.148000 -0.005680
10.153000 -0.005680
10.158000 -0.005679
10.163000 -0.005679
10.168000 -0.005678
10.173000 -0.005678
10.178000 -0.005677
10.183000 -0.005677
10.188000 -0.005677
10.193000 -0.005676
10.198000 -0.005676
10.203000 -0.005675
10.208000 -0.005675
10.213000 -0.005674
10.218000 -0.005674
10.223000 -0.005673
10.228000 -0.005673
10.233000 -0.005673
10.238000 -0.005672
10.243000 -0.005672
10.248000 -0.005671
10.253000 -0.005671
10.258000 -0.005670
10.263000 -0.005670
10.268000 -0.005669
10.273000 -0.005669
10.278000 -0.005668
10.283000 -0.005668
10.288000 -0.005668
10.293000 -0.005667
10.298000 -0.005667
10.303000 -0.005666
10.308000 -0.005666
10.313000 -0.005665
10.318000 -0.005665
10.323000 -0.005664
10.328000 -0.005664
10.333000 -0.005663
10.338000 -0.005663
10.343000 -0.005663
10.348000 -0.005662
10.353000 -0.005662
10.358000 -0.005661
10.363000 -0.005661
10.368000 -0.005660
10.373000 -0.005660
10.378000 -0.005659
10.383000 -0.005659
10.388000 -0.005658
10.393000 -0.005658
10.398000 -0.005658
10.403000 -0.005657
10.408000 -0.005657
10.413000 -0.005656
10.418000 -0.005656
10.423000 -0.005655
10.428000 -0.005655
10.433000 -0.005654
10.438000 -0.005654
10.443000 -0.005653
10.448000 -0.005653
10.453000 -0.005653
10.458000 -0.005652
10.463000 -0.005652
10.468000 -0.005651
10.473000 -0.005651
10.478000 -0.005650
10.483000 -0.005650
10.488000 -0.005649
10.493000 -0.005649
10.498000 -0.005648
10.503000 -0.005648
10.508000 -0.005648
10.513000 -0.005647
10.518000 -0.005647
10.523000 -0.005646
10.528000 -0.005646
10.533000 -0.005645
10.538000 -0.005645
10.543000 -0.005644
10.548000 -0.005644
10.553000 -0.005643
10.558000 -0.005643
10.563000 -0.005643
10.568000 -0.005642
10.573000 -0.005642
10.578000 -0.005641
10.583000 -0.005641
10.588000 -0.005640
10.593000 -0.005640
10.598000 -0.005639
10.603000 -0.005639
10.608000 -0.005638
10.613000 -0.005638
10.618000 -0.005638
10.623000 -0.005637
10.628000 -0.005637
10.633000 -0.005636
10.638000 -0.005636
10.643000 -0.005635
10.648000 -0.005635
10.653000 -0.005634
10.658000 -0.005634
10.663000 -0.005633
10.668000 -0.005633
10.673000 -0.005633
10.678000 -0.005632
10.683000 -0.005632
10.688000 -0.005631
10.693000 -0.005631
10.698000 -0.005630
10.703000 -0.005630
10.708000 -0.005629
10.713000 -0.005629
10.718000 -0.005628
10.723000 -0.005628
10.728000 -0.005628
10.733000 -0.005627
10.738000 -0.005627
10.743000 -0.005626
10.748000 -0.005626
10.753000 -0.005625
10.758000 -0.005625
10.763000 -0.005624
10.768000 -0.005624
10.773000 -0.005623
10.778000 -0.005623
10.783000 -0.005623
10.788000 -0.005622
10.793000 -0.005622
10.798000 -0.005441
10.803000 -0.004784
10.808000 -0.004783
10.813000 -0.004783
10.818000 -0.004783
10.823000 -0.004782
10.828000 -0.004782
10.833000 -0.004782
10.838000 -0.004781
10.843000 -0.004781
10.848000 -0.004781
10.853000 -0.004780
10.858000 -0.004780
10.863000 -0.004780
10.868000 -0.004779
10.873000 -0.004779
10.878000 -0.004779
10.883000 -0.004778
10.888000 -0.004778
10.893000 -0.004778
10.898000 -0.004777
10.903000 -0.004777
10.908000 -0.004777
10.913000 -0.004776
10.918000 -0.004776
10.923000 -0.004776
10.928000 -0.004775
10.933000 -0.004775
10.938000 -0.004775
10.943000 -0.004774
10.948000 -0.004774
10.953000 -0.004774
10.958000 -0.004773
10.963000 -0.004773
10.968000 -0.004773
10.973000 -0.004772
10.978000 -0.004772
10.983000 -0.004772
10.988000 -0.004771
10.993000 -0.004771
10.998000 -0.004771
11.003000 -0.004770
11.008000 -0.004770
11.013000 -0.004770
11.018000 -0.004769
11.023000 -0.004769
11.028000 -0.004769
11.033000 -0.004768
11.038000 -0.004768
11.043000 -0.004768
11.048000 -0.004767
11.053000 -0.004767
11.058000 -0.004767
11.063000 -0.004766
11.068000 -0.004766
11.073000 -0.004766
11.078000 -0.004765
11.083000 -0.004765
11.088000 -0.004765
11.093000 -0.004764
11.098000 -0.004764
11.103000 -0.004764
11.108000 -0.004763
11.113000 -0.004763
11.118000 -0.004763
11.123000 -0.004762
11.128000 -0.004762
11.133000 -0.004762
11.138000 -0.004761
11.143000 -0.004761
11.148000 -0.004761
11.153000 -0.004760
11.158000 -0.004760
11.163000 -0.004760
11.168000 -0.004759
11.173000 -0.004759
11.178000 -0.004759
11.183000 -0.004758
11.188000 -0.004758
11.193000 -0.004758
11.198000 -0.004757
11.203000 -0.004757
11.208000 -0.004757
11.213000 -0.004756
11.218000 -0.004756
11.223000 -0.004756
11.228000 -0.004755
11.233000 -0.004755
11.238000 -0.004755
11.243000 -0.004754
11.248000 -0.004754
11.253000 -0.004754
11.258000 -0.004753
11.263000 -0.004753
11.268000 -0.004753
11.273000 -0.004752
11.278000 -0.004752
11.283000 -0.004752
11.288000 -0.004751
11.293000 -0.004751
11.298000 -0.004751
11.303000 -0.004750
11.308000 -0.004750
11.313000 -0.004750
11.318000 -0.004749
11.323000 -0.004749
11.328000 -0.004749
11.333000 -0.004748
11.338000 -0.004748
11.343000 -0.004748
11.348000 -0.004747
11.353000 -0.004747
11.358000 -0.004747
11.363000 -0.004746
11.368000 -0.004746
11.373000 -0.004746
11.378000 -0.004745
11.383000 -0.004745
11.388000 -0.004745
11.393000 -0.004744
11.398000 -0.004744
11.403000 -0.004744
11.408000 -0.004743
11.413000 -0.004743
11.418000 -0.004743
11.423000 -0.004742
11.428000 -0.004742
11.433000 -0.004742
11.438000 -0.004741
11.443000 -0.004741
11.448000 -0.004741
11.453000 -0.004740
11.458000 -0.004740
11.463000 -0.004740
11.468000 -0.004739
11.473000 -0.004739
11.478000 -0.004739
11.483000 -0.004738
11.488000 -0.004738
11.493000 -0.004738
11.498000 -0.004737
11.503000 -0.004737
11.508000 -0.004737
11.513000 -0.004736
11.518000 -0.004736
11.523000 -0.004736
11.528000 -0.004735
11.533000 -0.004735
11.538000 -0.004735
11.543000 -0.004734
11.548000 -0.004734
11.553000 -0.004734
11.558000 -0.004733
11.563000 -0.004733
11.568000 -0.004733
11.573000 -0.004732
11.578000 -0.004732
11.583000 -0.004732
11.588000 -0.004731
11.593000 -0.004731
11.598000 -0.004731
11.603000 -0.004730
11.608000 -0.004730
11.613000 -0.004730
11.618000 -0.004729
11.623000 -0.004729
11.628000 -0.004729
11.633000 -0.004728
11.638000 -0.004728
11.643000 -0.004728
11.648000 -0.004727
11.653000 -0.004727
11.658000 -0.004727
11.663000 -0.004726
11.668000 -0.004726
11.673000 -0.004726
11.678000 -0.004725
11.683000 -0.004725
11.688000 -0.004725
11.693000 -0.004724
11.698000 -0.004724
11.703000 -0.004724
11.708000 -0.004723
11.713000 -0.004723
11.718000 -0.004723
11.723000 -0.004722
11.728000 -0.004722
11.733000 -0.004722
11.738000 -0.004721
11.743000 -0.004721
11.748000 -0.004721
11.753000 -0.004720
11.758000 -0.004720
11.763000 -0.004720
11.768000 -0.004719
11.773000 -0.004719
11.778000 -0.004719
11.783000 -0.004718
11.788000 -0.004718
11.793000 -0.004718
11.798000 -0.004717
11.803000 -0.004717
11.808000 -0.004717
11.813000 -0.004716
11.818000 -0.004716
11.823000 -0.004716
11.828000 -0.004715
11.833000 -0.004715
11.838000 -0.004715
11.843000 -0.004714
11.848000 -0.004714
11.853000 -0.004714
11.858000 -0.004713
11.863000 -0.004713
11.868000 -0.004713
11.873000 -0.004712
11.878000 -0.004712
11.883000 -0.004712
11.888000 -0.004711
11.893000 -0.004711
11.898000 -0.004711
11.903000 -0.004710
11.908000 -0.004710
11.913000 -0.004710
11.918000 -0.004709
11.923000 -0.004709
11.928000 -0.004709
11.933000 -0.004708
11.938000 -0.004708
11.943000 -0.004708
11.948000 -0.004707
11.953000 -0.004707
11.958000 -0.004707
11.963000 -0.004706
11.968000 -0.004706
11.973000 -0.004705
11.978000 -0.004705
11.983000 -0.004705
11.988000 -0.004704
11.993000 -0.004704
11.998000 -0.004704
12.003000 -0.004703
12.008000 -0.004703
12.013000 -0.004703
12.018000 -0.004702
12.023000 -0.004702
12.028000 -0.004702
12.033000 -0.004701
12.038000 -0.004701
12.043000 -0.004701
12.048000 -0.004700
12.053000 -0.004700
12.058000 -0.004700
12.063000 -0.004699
12.068000 -0.004699
12.073000 -0.004699
12.078000 -0.004698
12.083000 -0.004698
12.088000 -0.004698
12.093000 -0.004697
12.098000 -0.004697
12.103000 -0.004697
12.108000 -0.004696
12.113000 -0.004696
12.118000 -0.004696
12.123000 -0.004695
12.128000 -0.004695
12.133000 -0.004695
12.138000 -0.004694
12.143000 -0.004694
12.148000 -0.004694
12.153000 -0.004693
12.158000 -0.004693
12.163000 -0.004693
12.168000 -0.004692
12.173000 -0.004692
12.178000 -0.004692
12.183000 -0.004691
12.188000 -0.004691
12.193000 -0.004691
12.198000 -0.004690
12.203000 -0.004690
12.208000 -0.004690
12.213000 -0.004689
12.218000 -0.004689
12.223000 -0.004689
12.228000 -0.004688
12.233000 -0.004688
12.238000 -0.004688
12.243000 -0.004687
12.248000 -0.004687
12.253000 -0.004687
12.258000 -0.004686
12.263000 -0.004686
12.268000 -0.004686
12.273000 -0.004685
12.278000 -0.004685
12.283000 -0.004685
12.288000 -0.004684
12.293000 -0.004684
12.298000 -0.004684
12.303000 -0.004683
12.308000 -0.004683
12.313000 -0.003994
12.318000 -0.003941
12.323000 -0.003941
12.328000 -0.003941
12.333000 -0.003940
12.338000 -0.003940
12.343000 -0.003940
12.348000 -0.003940
12.353000 -0.003939
12.358000 -0.003939
12.363000 -0.003939
12.368000 -0.003939
12.373000 -0.003938
12.378000 -0.003938
12.383000 -0.003938
12.388000 -0.003938
12.393000 -0.003937
12.398000 -0.003937
12.403000 -0.003937
12.408000 -0.003937
12.413000 -0.003936
12.418000 -0.003936
12.423000 -0.003936
12.428000 -0.003936
12.433000 -0.003936
12.438000 -0.003935
12.443000 -0.003935
12.448000 -0.003935
12.453000 -0.003935
12.458000 -0.003934
12.463000 -0.003934
12.468000 -0.003934
12.473000 -0.003934
12.478000 -0.003933
12.483000 -0.003933
12.488000 -0.003933
12.493000 -0.003933
12.498000 -0.003932
12.503000 -0.003932
12.508000 -0.003932
12.513000 -0.003932
12.518000 -0.003931
12.523000 -0.003931
12.528000 -0.003931
12.533000 -0.003931
12.538000 -0.003930
12.543000 -0.003930
12.548000 -0.003930
12.553000 -0.003930
12.558000 -0.003930
12.563000 -0.003929
12.568000 -0.003929
12.573000 -0.003929
12.578000 -0.003929
12.583000 -0.003928
12.588000 -0.003928
12.593000 -0.003928
12.598000 -0.003928
12.603000 -0.003927
12.608000 -0.003927
12.613000 -0.003927
12.618000 -0.003927
12.623000 -0.003926
12.628000 -0.003926
12.633000 -0.003926
12.638000 -0.003926
12.643000 -0.003925
12.648000 -0.003925
12.653000 -0.003925
12.658000 -0.003925
12.663000 -0.003924
12.668000 -0.003924
12.673000 -0.003924
12.678000 -0.003924
12.683000 -0.003924
12.688000 -0.003923
12.693000 -0.003923
12.698000 -0.003923
12.703000 -0.003923
12.708000 -0.003922
12.713000 -0.003922
12.718000 -0.003922
12.723000 -0.003922
12.728000 -0.003921
12.733000 -0.003921
12.738000 -0.003921
12.743000 -0.003921
12.748000 -0.003920
12.753000 -0.003920
12.758000 -0.003920
12.763000 -0.003920
12.768000 -0.003919
12.773000 -0.003919
12.778000 -0.003919
12.783000 -0.003919
12.788000 -0.003918
12.793000 -0.003918
12.798000 -0.003918
12.803000 -0.003918
12.808000 -0.003918
12.813000 -0.003917
12.818000 -0.003917
12.823000 -0.003917
12.828000 -0.003917
12.833000 -0.003916
12.838000 -0.003916
12.843000 -0.003916
12.848000 -0.003916
12.853000 -0.003915
12.858000 -0.003915
12.863000 -0.003915
12.868000 -0.003915
12.873000 -0.003914
12.878000 -0.003914
12.883000 -0.003914
12.888000 -0.003914
12.893000 -0.003913
12.898000 -0.003913
12.903000 -0.003913
12.908000 -0.003913
12.913000 -0.003912
12.918000 -0.003912
12.923000 -0.003912
12.928000 -0.003912
12.933000 -0.003911
12.938000 -0.003911
12.943000 -0.003911
12.948000 -0.003911
12.953000 -0.003911
12.958000 -0.003910
12.963000 -0.003910
12.968000 -0.003910
12.973000 -0.003910
12.978000 -0.003909
12.983000 -0.003909
12.988000 -0.003909
12.993000 -0.003909
12.998000 -0.003908
13.003000 -0.003908
13.008000 -0.003908
13.013000 -0.003908
13.018000 -0.003907
13.023000 -0.003907
13.028000 -0.003907
13.033000 -0.003907
13.038000 -0.003906
13.043000 -0.003906
13.048000 -0.003906
13.053000 -0.003906
13.058000 -0.003905
13.063000 -0.003905
13.068000 -0.003905
13.073000 -0.003905
13.078000 -0.003904
13.083000 -0.003904
13.088000 -0.003904
13.093000 -0.003904
13.098000 -0.003904
13.103000 -0.003903
13.108000 -0.003903
13.113000 -0.003903
13.118000 -0.003903
13.123000 -0.003902
13.128000 -0.003902
13.133000 -0.003902
13.138000 -0.003902
13.143000 -0.003901
13.148000 -0.003901
13.153000 -0.003901
13.158000 -0.003901
13.163000 -0.003900
13.168000 -0.003900
13.173000 -0.003900
13.178000 -0.003900
13.183000 -0.003899
13.188000 -0.003899
13.193000 -0.003899
13.198000 -0.003899
13.203000 -0.003898
13.208000 -0.003898
13.213000 -0.003898
13.218000 -0.003898
13.223000 -0.003897
13.228000 -0.003897
13.233000 -0.003897
13.238000 -0.003897
13.243000 -0.003896
13.248000 -0.003896
13.253000 -0.003896
13.258000 -0.003896
13.263000 -0.003896
13.268000 -0.003895
13.273000 -0.003895
13.278000 -0.003895
13.283000 -0.003895
13.288000 -0.003894
13.293000 -0.003894
13.298000 -0.003894
13.303000 -0.003894
13.308000 -0.003893
13.313000 -0.003893
13.318000 -0.003893
13.323000 -0.003893
13.328000 -0.003892
13.333000 -0.003892
13.338000 -0.003892
13.343000 -0.003892
13.348000 -0.003891
13.353000 -0.003891
13.358000 -0.003891
13.363000 -0.003891
13.368000 -0.003890
13.373000 -0.003890
13.378000 -0.003890
13.383000 -0.003890
13.388000 -0.003889
13.393000 -0.003889
13.398000 -0.003889
13.403000 -0.003889
13.408000 -0.003888
13.413000 -0.003888
13.418000 -0.003888
13.423000 -0.003888
13.428000 -0.003888
13.433000 -0.003887
13.438000 -0.003887
13.443000 -0.003887
13.448000 -0.003887
13.453000 -0.003886
13.458000 -0.003886
13.463000 -0.003886
13.468000 -0.003886
13.473000 -0.003885
13.478000 -0.003885
13.483000 -0.003885
13.488000 -0.003885
13.493000 -0.003884
13.498000 -0.003884
13.503000 -0.003884
13.508000 -0.003884
13.513000 -0.003883
13.518000 -0.003883
13.523000 -0.003883
13.528000 -0.003883
13.533000 -0.003882
13.538000 -0.003882
13.543000 -0.003882
13.548000 -0.003882
13.553000 -0.003881
13.558000 -0.003881
13.563000 -0.003881
13.568000 -0.003881
13.573000 -0.003880
13.578000 -0.003880
13.583000 -0.003880
13.588000 -0.003880
13.593000 -0.003879
13.598000 -0.003879
13.603000 -0.003879
13.608000 -0.003879
13.613000 -0.003879
13.618000 -0.003878
13.623000 -0.003878
13.628000 -0.003878
13.633000 -0.003878
13.638000 -0.003877
13.643000 -0.003877
13.648000 -0.003877
13.653000 -0.003877
13.658000 -0.003876
13.663000 -0.003876
13.668000 -0.003876
13.673000 -0.003876
13.678000 -0.003875
13.683000 -0.003875
13.688000 -0.003875
13.693000 -0.003875
13.698000 -0.003874
13.703000 -0.003874
13.708000 -0.003874
13.713000 -0.003874
13.718000 -0.003873
13.723000 -0.003873
13.728000 -0.003873
13.733000 -0.003873
13.738000 -0.003872
13.743000 -0.003872
13.748000 -0.003872
13.753000 -0.003872
13.758000 -0.003871
13.763000 -0.003871
13.768000 -0.003871
13.773000 -0.003871
13.778000 -0.003870
13.783000 -0.003870
13.788000 -0.003870
13.793000 -0.003870
13.798000 -0.003870
13.803000 -0.003869
13.808000 -0.003869
13.813000 -0.003869
13.818000 -0.003869
13.823000 -0.003868
13.828000 -0.003868
13.833000 -0.003868
13.838000 -0.003868
13.843000 -0.003867
13.848000 -0.003867
13.853000 -0.003867
13.858000 -0.003867
13.863000 -0.003866
13.868000 -0.003866
13.873000 -0.003866
13.878000 -0.003866
13.883000 -0.003865
13.888000 -0.003865
13.893000 -0.003865
13.898000 -0.003865
13.903000 -0.003864
13.908000 -0.003864
13.913000 -0.003864
13.918000 -0.003864
13.923000 -0.003863
13.928000 -0.003863
13.933000 -0.003863
13.938000 -0.003863
13.943000 -0.003862
13.948000 -0.003862
13.953000 -0.003862
13.958000 -0.003862
13.963000 -0.003861
13.968000 -0.003861
13.973000 -0.003861
13.978000 -0.003861
13.983000 -0.003860
13.988000 -0.003860
13.993000 -0.003816
13.998000 -0.003233
14.003000 -0.003233
14.008000 -0.003233
14.013000 -0.003233
14.018000 -0.003233
14.023000 -0.003233
14.028000 -0.003232
14.033000 -0.003232
14.038000 -0.003232
14.043000 -0.003232
14.048000 -0.003232
14.053000 -0.003232
14.058000 -0.003231
14.063000 -0.003231
14.068000 -0.003231
14.073000 -0.003231
14.078000 -0.003231
14.083000 -0.003231
14.088000 -0.003230
14.093000 -0.003230
14.098000 -0.003230
14.103000 -0.003230
14.108000 -0.003230
14.113000 -0.003229
14.118000 -0.003229
14.123000 -0.003229
14.128000 -0.003229
14.133000 -0.003229
14.138000 -0.003229
14.143000 -0.003228
14.148000 -0.003228
14.153000 -0.003228
14.158000 -0.003228
14.163000 -0.003228
14.168000 -0.003228
14.173000 -0.003227
14.178000 -0.003227
14.183000 -0.003227
14.188000 -0.003227
14.193000 -0.003227
14.198000 -0.003227
14.203000 -0.003226
14.208000 -0.003226
14.213000 -0.003226
14.218000 -0.003226
14.223000 -0.003226
14.228000 -0.003226
14.233000 -0.003225
14.238000 -0.003225
14.243000 -0.003225
14.248000 -0.003225
14.253000 -0.003225
14.258000 -0.003224
14.263000 -0.003224
14.268000 -0.003224
14.273000 -0.003224
14.278000 -0.003224
14.283000 -0.003224
14.288000 -0.003223
14.293000 -0.003223
14.298000 -0.003223
14.303000 -0.003223
14.308000 -0.003223
14.313000 -0.003223
14.318000 -0.003222
14.323000 -0.003222
14.328000 -0.003222
14.333000 -0.003222
14.338000 -0.003222
14.343000 -0.003222
14.348000 -0.003221
14.353000 -0.003221
14.358000 -0.003221
14.363000 -0.003221
14.368000 -0.003221
14.373000 -0.003221
14.378000 -0.003220
14.383000 -0.003220
14.388000 -0.003220
14.393000 -0.003220
14.398000 -0.003220
14.403000 -0.003219
14.408000 -0.003219
14.413000 -0.003219
14.418000 -0.003219
14.423000 -0.003219
14.428000 -0.003219
14.433000 -0.003218
14.438000 -0.003218
14.443000 -0.003218
14.448000 -0.003218
14.453000 -0.003218
14.458000 -0.003218
14.463000 -0.003217
14.468000 -0.003217
14.473000 -0.003217
14.478000 -0.003217
14.483000 -0.003217
14.488000 -0.003217
14.493000 -0.003216
14.498000 -0.003216
14.503000 -0.003216
14.508000 -0.003216
14.513000 -0.003216
14.518000 -0.003216
14.523000 -0.003215
14.528000 -0.003215
14.533000 -0.003215
14.538000 -0.003215
14.543000 -0.003215
14.548000 -0.003214
14.553000 -0.003214
14.558000 -0.003214
14.563000 -0.003214
14.568000 -0.003214
14.573000 -0.003214
14.578000 -0.003213
14.583000 -0.003213
14.588000 -0.003213
14.593000 -0.003213
14.598000 -0.003213
14.603000 -0.003213
14.608000 -0.003212
14.613000 -0.003212
14.618000 -0.003212
14.623000 -0.003212
14.628000 -0.003212
14.633000 -0.003212
14.638000 -0.003211
14.643000 -0.003211
14.648000 -0.003211
14.653000 -0.003211
14.658000 -0.003211
14.663000 -0.003211
14.668000 -0.003210
14.673000 -0.003210
14.678000 -0.003210
14.683000 -0.003210
14.688000 -0.003210
14.693000 -0.003209
14.698000 -0.003209
14.703000 -0.003209
14.708000 -0.003209
14.713000 -0.003209
14.718000 -0.003209
14.723000 -0.003208
14.728000 -0.003208
14.733000 -0.003208
14.738000 -0.003208
14.743000 -0.003208
14.748000 -0.003208
14.753000 -0.003207
14.758000 -0.003207
14.763000 -0.003207
14.768000 -0.003207
14.773000 -0.003207
14.778000 -0.003207
14.783000 -0.003206
14.788000 -0.003206
14.793000 -0.003206
14.798000 -0.003206
14.803000 -0.003206
14.808000 -0.003206
14.813000 -0.003205
14.818000 -0.003205
14.823000 -0.003205
14.828000 -0.003205
14.833000 -0.003205
14.838000 -0.003204
14.843000 -0.003204
14.848000 -0.003204
14.853000 -0.003204
14.858000 -0.003204
14.863000 -0.003204
14.868000 -0.003203
14.873000 -0.003203
14.878000 -0.003203
14.883000 -0.003203
14.888000 -0.003203
14.893000 -0.003203
14.898000 -0.003202
14.903000 -0.003202
14.908000 -0.003202
14.913000 -0.003202
14.918000 -0.003202
14.923000 -0.003202
14.928000 -0.003201
14.933000 -0.003201
14.938000 -0.003201
14.943000 -0.003201
14.948000 -0.003201
14.953000 -0.003200
14.958000 -0.003200
14.963000 -0.003200
14.968000 -0.003200
14.973000 -0.003200
14.978000 -0.003200
14.983000 -0.003199
14.988000 -0.003199
14.993000 -0.003199
14.998000 -0.003199
15.003000 -0.003199
15.008000 -0.003199
15.013000 -0.003198
15.018000 -0.003198
15.023000 -0.003198
15.028000 -0.003198
15.033000 -0.003198
15.038000 -0.003198
15.043000 -0.003197
15.048000 -0.003197
15.053000 -0.003197
15.058000 -0.003197
15.063000 -0.003197
15.068000 -0.003196
15.073000 -0.003196
15.078000 -0.003196
15.083000 -0.003196
15.088000 -0.003196
15.093000 -0.003196
15.098000 -0.003195
15.103000 -0.003195
15.108000 -0.003195
15.113000 -0.003195
15.118000 -0.003195
15.123000 -0.003195
15.128000 -0.003194
15.133000 -0.003194
15.138000 -0.003194
15.143000 -0.003194
15.148000 -0.003194
15.153000 -0.003194
15.158000 -0.003193
15.163000 -0.003193
15.168000 -0.003193
15.173000 -0.003193
15.178000 -0.003193
15.183000 -0.003192
15.188000 -0.003192
15.193000 -0.003192
15.198000 -0.003192
15.203000 -0.003192
15.208000 -0.003192
15.213000 -0.003191
15.218000 -0.003191
15.223000 -0.003191
15.228000 -0.003191
15.233000 -0.003191
15.238000 -0.003191
15.243000 -0.003190
15.248000 -0.003190
15.253000 -0.003190
15.258000 -0.003190
15.263000 -0.003190
15.268000 -0.003190
15.273000 -0.003189
15.278000 -0.003189
15.283000 -0.003189
15.288000 -0.003189
15.293000 -0.003189
15.298000 -0.003188
15.303000 -0.003188
15.308000 -0.003188
15.313000 -0.003188
15.318000 -0.003188
15.323000 -0.003188
15.328000 -0.003187
15.333000 -0.003187
15.338000 -0.003187
15.343000 -0.003187
15.348000 -0.003187
15.353000 -0.003187
15.358000 -0.003186
15.363000 -0.003186
15.368000 -0.003186
15.373000 -0.003186
15.378000 -0.003186
15.383000 -0.003186
15.388000 -0.003185
15.393000 -0.003185
15.398000 -0.003185
15.403000 -0.003185
15.408000 -0.003185
15.413000 -0.003184
15.418000 -0.003184
15.423000 -0.003184
15.428000 -0.003184
15.433000 -0.003184
15.438000 -0.003184
15.443000 -0.003183
15.448000 -0.003183
15.453000 -0.003183
15.458000 -0.003183
15.463000 -0.003183
15.468000 -0.003183
15.473000 -0.003182
15.478000 -0.003182
15.483000 -0.003182
15.488000 -0.003182
15.493000 -0.003182
15.498000 -0.003182
15.503000 -0.003181
15.508000 -0.003181
15.513000 -0.003181
15.518000 -0.003181
15.523000 -0.003181
15.528000 -0.003180
15.533000 -0.003180
15.538000 -0.003180
15.543000 -0.003180
15.548000 -0.003180
15.553000 -0.003180
15.558000 -0.003179
15.563000 -0.003179
15.568000 -0.003179
15.573000 -0.003179
15.578000 -0.003179
15.583000 -0.003179
15.588000 -0.003178
15.593000 -0.003178
15.598000 -0.003178
15.603000 -0.003178
15.608000 -0.003178
15.613000 -0.003178
15.618000 -0.003177
15.623000 -0.003177
15.628000 -0.003177
15.633000 -0.003177
15.638000 -0.003177
15.643000 -0.003176
15.648000 -0.003176
15.653000 -0.003176
15.658000 -0.003176
15.663000 -0.003176
15.668000 -0.003176
15.673000 -0.003175
15.678000 -0.003175
15.683000 -0.003175
15.688000 -0.003175
15.693000 -0.003175
15.698000 -0.003175
15.703000 -0.003174
15.708000 -0.003174
15.713000 -0.003174
15.718000 -0.003174
15.723000 -0.003174
15.728000 -0.003173
15.733000 -0.003173
15.738000 -0.003173
15.743000 -0.003173
15.748000 -0.003173
15.753000 -0.003173
15.758000 -0.003172
15.763000 -0.003172
15.768000 -0.003172
15.773000 -0.003172
15.778000 -0.003172
15.783000 -0.003172
15.788000 -0.003171
15.793000 -0.003171
15.798000 -0.003171
15.803000 -0.003171
15.808000 -0.003171
15.813000 -0.003171
15.818000 -0.003170
15.823000 -0.003170
15.828000 -0.003170
15.833000 -0.003170
15.838000 -0.003170
15.843000 -0.003169
15.848000 -0.003169
15.853000 -0.003169
15.858000 -0.003169
15.863000 -0.003169
15.868000 -0.003169
15.873000 -0.003168
15.878000 -0.003168
15.883000 -0.003168
15.888000 -0.003168
15.893000 -0.003168
15.898000 -0.003168
15.903000 -0.002884
15.908000 -0.002677
15.913000 -0.002677
15.918000 -0.002677
15.923000 -0.002677
15.928000 -0.002677
15.933000 -0.002676
15.938000 -0.002676
15.943000 -0.002676
15.948000 -0.002676
15.953000 -0.002676
15.958000 -0.002676
15.963000 -0.002676
15.968000 -0.002676
15.973000 -0.002675
15.978000 -0.002675
15.983000 -0.002675
15.988000 -0.002675
15.993000 -0.002675
15.998000 -0.002675
16.003000 -0.002675
16.008000 -0.002675
16.013000 -0.002674
16.018000 -0.002674
16.023000 -0.002674
16.028000 -0.002674
16.033000 -0.002674
16.038000 -0.002674
16.043000 -0.002674
16.048000 -0.002674
16.053000 -0.002673
16.058000 -0.002673
16.063000 -0.002673
16.068000 -0.002673
16.073000 -0.002673
16.078000 -0.002673
16.083000 -0.002673
16.088000 -0.002673
16.093000 -0.002672
16.098000 -0.002672
16.103000 -0.002672
16.108000 -0.002672
16.113000 -0.002672
16.118000 -0.002672
16.123000 -0.002672
16.128000 -0.002672
16.133000 -0.002671
16.138000 -0.002671
16.143000 -0.002671
16.148000 -0.002671
16.153000 -0.002671
16.158000 -0.002671
16.163000 -0.002671
16.168000 -0.002671
16.173000 -0.002670
16.178000 -0.002670
16.183000 -0.002670
16.188000 -0.002670
16.193000 -0.002670
16.198000 -0.002670
16.203000 -0.002670
16.208000 -0.002670
16.213000 -0.002669
16.218000 -0.002669
16.223000 -0.002669
16.228000 -0.002669
16.233000 -0.002669
16.238000 -0.002669
16.243000 -0.002669
16.248000 -0.002669
16.253000 -0.002668
16.258000 -0.002668
16.263000 -0.002668
16.268000 -0.002668
16.273000 -0.002668
16.278000 -0.002668
16.283000 -0.002668
16.288000 -0.002668
16.293000 -0.002667
16.298000 -0.002667
16.303000 -0.002667
16.308000 -0.002667
16.313000 -0.002667
16.318000 -0.002667
16.323000 -0.002667
16.328000 -0.002667
16.333000 -0.002666
16.338000 -0.002666
16.343000 -0.002666
16.348000 -0.002666
16.353000 -0.002666
16.358000 -0.002666
16.363000 -0.002666
16.368000 -0.002665
16.373000 -0.002665
16.378000 -0.002665
16.383000 -0.002665
16.388000 -0.002665
16.393000 -0.002665
16.398000 -0.002665
16.403000 -0.002665
16.408000 -0.002664
16.413000 -0.002664
16.418000 -0.002664
16.423000 -0.002664
16.428000 -0.002664
16.433000 -0.002664
16.438000 -0.002664
16.443000 -0.002664
16.448000 -0.002663
16.453000 -0.002663
16.458000 -0.002663
16.463000 -0.002663
16.468000 -0.002663
16.473000 -0.002663
16.478000 -0.002663
16.483000 -0.002663
16.488000 -0.002662
16.493000 -0.002662
16.498000 -0.002662
16.503000 -0.002662
16.508000 -0.002662
16.513000 -0.002662
16.518000 -0.002662
16.523000 -0.002662
16.528000 -0.002661
16.533000 -0.002661
16.538000 -0.002661
16.543000 -0.002661
16.548000 -0.002661
16.553000 -0.002661
16.558000 -0.002661
16.563000 -0.002661
16.568000 -0.002660
16.573000 -0.002660
16.578000 -0.002660
16.583000 -0.002660
16.588000 -0.002660
16.593000 -0.002660
16.598000 -0.002660
16.603000 -0.002660
16.608000 -0.002659
16.613000 -0.002659
16.618000 -0.002659
16.623000 -0.002659
16.628000 -0.002659
16.633000 -0.002659
16.638000 -0.002659
16.643000 -0.002659
16.648000 -0.002658
16.653000 -0.002658
16.658000 -0.002658
16.663000 -0.002658
16.668000 -0.002658
16.673000 -0.002658
16.678000 -0.002658
16.683000 -0.002658
16.688000 -0.002657
16.693000 -0.002657
16.698000 -0.002657
16.703000 -0.002657
16.708000 -0.002657
16.713000 -0.002657
16.718000 -0.002657
16.723000 -0.002657
16.728000 -0.002656
16.733000 -0.002656
16.738000 -0.002656
16.743000 -0.002656
16.748000 -0.002656
16.753000 -0.002656
16.758000 -0.002656
16.763000 -0.002656
16.768000 -0.002655
16.773000 -0.002655
16.778000 -0.002655
16.783000 -0.002655
16.788000 -0.002655
16.793000 -0.002655
16.798000 -0.002655
16.803000 -0.002655
16.808000 -0.002654
16.813000 -0.002654
16.818000 -0.002654
16.823000 -0.002654
16.828000 -0.002654
16.833000 -0.002654
16.838000 -0.002654
16.843000 -0.002654
16.848000 -0.002653
16.853000 -0.002653
16.858000 -0.002653
16.863000 -0.002653
16.868000 -0.002653
16.873000 -0.002653
16.878000 -0.002653
16.883000 -0.002653
16.888000 -0.002652
16.893000 -0.002652
16.898000 -0.002652
16.903000 -0.002652
16.908000 -0.002652
16.913000 -0.002652
16.918000 -0.002652
16.923000 -0.002652
16.928000 -0.002651
16.933000 -0.002651
16.938000 -0.002651
16.943000 -0.002651
16.948000 -0.002651
16.953000 -0.002651
16.958000 -0.002651
16.963000 -0.002650
16.968000 -0.002650
16.973000 -0.002650
16.978000 -0.002650
16.983000 -0.002650
16.988000 -0.002650
16.993000 -0.002650
16.998000 -0.002650
17.003000 -0.002649
17.008000 -0.002649
17.013000 -0.002649
17.018000 -0.002649
17.023000 -0.002649
17.028000 -0.002649
17.033000 -0.002649
17.038000 -0.002649
17.043000 -0.002648
17.048000 -0.002648
17.053000 -0.002648
17.058000 -0.002648
17.063000 -0.002648
17.068000 -0.002648
17.073000 -0.002648
17.078000 -0.002648
17.083000 -0.002647
17.088000 -0.002647
17.093000 -0.002647
17.098000 -0.002647
17.103000 -0.002647
17.108000 -0.002647
17.113000 -0.002647
17.118000 -0.002647
17.123000 -0.002646
17.128000 -0.002646
17.133000 -0.002646
17.138000 -0.002646
17.143000 -0.002646
17.148000 -0.002646
17.153000 -0.002646
17.158000 -0.002646
17.163000 -0.002645
17.168000 -0.002645
17.173000 -0.002645
17.178000 -0.002645
17.183000 -0.002645
17.188000 -0.002645
17.193000 -0.002645
17.198000 -0.002645
17.203000 -0.002644
17.208000 -0.002644
17.213000 -0.002644
17.218000 -0.002644
17.223000 -0.002644
17.228000 -0.002644
17.233000 -0.002644
17.238000 -0.002644
17.243000 -0.002643
17.248000 -0.002643
17.253000 -0.002643
17.258000 -0.002643
17.263000 -0.002643
17.268000 -0.002643
17.273000 -0.002643
17.278000 -0.002643
17.283000 -0.002642
17.288000 -0.002642
17.293000 -0.002642
17.298000 -0.002642
17.303000 -0.002642
17.308000 -0.002642
17.313000 -0.002642
17.318000 -0.002642
17.323000 -0.002641
17.328000 -0.002641
17.333000 -0.002641
17.338000 -0.002641
17.343000 -0.002641
17.348000 -0.002641
17.353000 -0.002641
17.358000 -0.002640
17.363000 -0.002640
17.368000 -0.002640
17.373000 -0.002640
17.378000 -0.002640
