0.003000 0.000000
0.008000 0.000000
0.013000 0.000000
0.018000 0.000000
0.023000 0.000000
0.028000 0.000000
0.033000 0.000000
0.038000 0.000000
0.043000 0.000000
0.048000 0.000000
0.053000 6.863505
0.058000 6.995177
0.063000 7.134227
0.068000 7.271555
0.073000 7.424430
0.078000 7.571642
0.083000 7.735159
0.088000 7.897904
0.093000 8.056439
0.098000 8.234713
0.103000 8.413548
0.108000 8.589378
0.113000 8.762375
0.118000 8.932684
0.123000 9.113624
0.128000 9.297863
0.133000 9.480173
0.138000 9.660645
0.143000 9.839363
0.148000 10.016400
0.153000 10.191823
0.158000 10.365691
0.163000 10.538057
0.168000 10.708971
0.173000 10.878476
0.178000 11.047323
0.183000 11.215129
0.188000 11.381661
0.193000 11.546950
0.198000 11.711023
0.203000 11.873909
0.208000 12.035632
0.213000 12.196214
0.218000 12.355677
0.223000 12.514041
0.228000 12.671324
0.233000 12.826198
0.238000 12.973214
0.243000 13.119022
0.248000 13.263633
0.253000 13.407060
0.258000 13.549312
0.263000 13.690398
0.268000 13.829999
0.273000 13.960728
0.278000 14.090144
0.283000 14.218250
0.288000 14.345051
0.293000 14.468286
0.298000 14.585293
0.303000 14.700847
0.308000 14.814949
0.313000 14.927597
0.318000 15.032952
0.323000 15.136208
0.328000 15.237865
0.333000 15.337918
0.338000 15.436467
0.343000 15.533421
0.348000 15.629061
0.353000 15.726095
0.358000 15.821575
0.363000 15.918485
0.368000 16.014007
0.373000 16.108029
0.378000 16.204709
0.383000 16.303894
0.388000 16.401735
0.393000 16.498230
0.398000 16.593376
0.403000 16.690086
0.408000 16.790941
0.413000 16.890606
0.418000 16.989079
0.423000 17.086359
0.428000 17.182443
0.433000 17.281837
0.438000 17.382548
0.443000 17.482191
0.448000 17.580764
0.453000 17.678268
0.458000 17.774700
0.463000 17.872716
0.468000 17.975565
0.473000 18.077492
0.478000 18.178499
0.483000 18.278584
0.488000 18.377747
0.493000 18.475988
0.498000 18.575152
0.503000 18.700033
0.508000 18.823907
0.513000 18.946772
0.518000 19.068631
0.523000 19.189483
0.528000 19.309329
0.533000 19.428168
0.538000 19.550046
0.543000 19.673582
0.548000 19.796246
0.553000 19.918038
0.558000 20.038958
0.563000 20.159006
0.568000 20.278184
0.573000 20.396491
0.578000 20.514641
0.583000 20.637547
0.588000 20.759700
0.593000 20.881100
0.598000 21.001749
0.603000 21.121646
0.608000 21.240792
0.613000 21.359187
0.618000 21.476833
0.623000 21.593729
0.628000 21.712921
0.633000 21.832676
0.638000 21.951756
0.643000 22.070161
0.648000 22.187891
0.653000 22.304948
0.658000 22.421331
0.663000 22.537041
0.668000 22.652078
0.673000 22.766443
0.678000 22.882396
0.683000 23.001386
0.688000 23.119796
0.693000 23.237629
0.698000 23.354883
0.703000 23.471560
0.708000 23.587660
0.713000 23.703184
0.718000 23.818131
0.723000 23.932503
0.728000 24.046300
0.733000 24.159522
0.738000 24.275937
0.743000 24.392597
0.748000 24.508749
0.753000 24.624391
0.758000 24.739525
0.763000 24.854152
0.768000 24.968271
0.773000 25.081883
0.778000 25.194989
0.783000 25.307589
0.788000 25.419683
0.793000 25.531271
0.798000 25.642831
0.803000 25.757727
0.808000 25.872175
0.813000 25.986176
0.818000 26.099729
0.823000 26.212835
0.828000 26.325495
0.833000 26.437708
0.838000 26.549476
0.843000 26.660798
0.848000 26.771675
0.853000 26.882108
0.858000 26.992096
0.863000 27.101640
0.868000 27.210939
0.873000 27.323799
0.878000 27.436265
0.883000 27.548338
0.888000 27.660020
0.893000 27.771309
0.898000 27.882207
0.903000 27.992714
0.908000 28.102829
0.913000 28.212554
0.918000 28.321889
0.923000 28.430833
0.928000 28.539388
0.933000 28.647553
0.938000 28.755329
0.943000 28.862716
0.948000 28.970829
0.953000 29.081671
0.958000 29.192171
0.963000 29.302330
0.968000 29.412147
0.973000 29.521622
0.978000 29.630758
0.983000 29.739552
0.988000 29.848006
0.993000 29.956120
0.998000 30.063895
1.003000 30.171330
1.008000 30.278425
1.013000 30.385182
1.018000 30.491600
1.023000 30.597680
1.028000 30.703421
1.033000 30.808824
1.038000 30.916320
1.043000 31.025007
1.048000 31.133396
1.053000 31.241487
1.058000 31.349281
1.063000 31.456777
1.068000 31.563976
1.073000 31.670878
1.078000 31.777483
1.083000 31.883792
1.088000 31.989805
1.093000 32.095522
1.098000 32.200943
1.103000 32.306069
1.108000 32.410899
1.113000 32.515434
1.118000 32.619675
1.123000 32.723620
1.128000 32.827271
1.133000 32.930628
1.138000 33.035581
1.143000 33.141841
1.148000 33.247839
1.153000 33.353575
1.158000 33.459049
1.163000 33.564261
1.168000 33.669212
1.173000 33.773901
1.178000 33.878330
1.183000 33.982498
1.188000 34.086405
1.193000 34.190052
1.198000 34.293439
1.203000 34.396566
1.208000 34.499432
1.213000 34.602039
1.218000 34.704387
1.223000 34.806475
1.228000 34.908304
1.233000 35.009874
1.238000 35.111185
1.243000 35.212237
1.248000 35.313031
1.253000 35.414316
1.258000 35.518316
1.263000 35.622088
1.268000 35.725633
1.273000 35.828951
1.278000 35.932042
1.283000 36.034906
1.288000 36.137544
1.293000 36.239955
1.298000 36.342139
1.303000 36.444097
1.308000 36.545829
1.313000 36.647336
1.318000 36.748616
1.323000 36.849671
1.328000 36.950501
1.333000 37.051105
1.338000 37.151484
1.343000 37.251638
1.348000 37.351567
1.353000 37.451271
1.358000 37.550751
1.363000 37.650007
1.368000 37.749038
1.373000 37.847844
1.378000 37.946427
1.383000 38.044786
1.388000 38.142921
1.393000 38.243962
1.398000 38.345043
1.403000 38.445925
1.408000 38.546609
1.413000 38.647094
1.418000 38.747382
1.423000 38.847471
1.428000 38.947363
1.433000 39.047057
1.438000 39.146553
1.443000 39.245852
1.448000 39.344954
1.453000 39.443858
1.458000 39.542565
1.463000 39.641076
1.468000 39.739389
1.473000 39.837506
1.478000 39.935427
1.483000 40.033151
1.488000 40.130678
1.493000 40.228009
1.498000 40.325145
1.503000 40.422084
1.508000 40.518827
1.513000 40.615374
1.518000 40.711726
1.523000 40.807882
1.528000 40.903842
1.533000 40.999608
1.538000 41.095177
1.543000 41.190552
1.548000 41.285732
1.553000 41.381943
1.558000 41.480390
1.563000 41.578667
1.568000 41.676773
1.573000 41.774709
1.578000 41.872475
1.583000 41.970070
1.588000 42.067496
1.593000 42.164751
1.598000 42.261836
1.603000 42.358752
1.608000 42.455498
1.613000 42.552074
1.618000 42.648481
1.623000 42.744718
1.628000 42.840787
1.633000 42.936685
1.638000 43.032415
1.643000 43.127976
1.648000 43.223368
1.653000 43.318591
1.658000 43.413645
1.663000 43.508531
1.668000 43.603248
1.673000 43.697797
1.678000 43.792177
1.683000 43.886389
1.688000 43.980433
1.693000 44.074308
1.698000 44.168016
1.703000 44.261556
1.708000 44.354927
1.713000 44.448131
1.718000 44.541167
1.723000 44.634036
1.728000 44.726737
1.733000 44.819270
1.738000 44.911636
1.743000 45.003835
1.748000 45.096242
1.753000 45.191425
1.758000 45.286459
1.763000 45.381347
1.768000 45.476086
1.773000 45.570679
1.778000 45.665124
1.783000 45.759422
1.788000 45.853573
1.793000 45.947576
1.798000 46.041433
1.803000 46.135143
1.808000 46.228706
1.813000 46.322122
1.818000 46.415392
1.823000 46.508515
1.828000 46.601491
1.833000 46.694321
1.838000 46.787005
1.843000 46.879542
1.848000 46.971934
1.853000 47.064179
1.858000 47.156277
1.863000 47.248230
1.868000 47.340037
1.873000 47.431698
1.878000 47.523213
1.883000 47.614583
1.888000 47.705807
1.893000 47.796885
1.898000 47.887817
1.903000 47.978604
1.908000 48.069246
1.913000 48.159742
1.918000 48.250093
1.923000 48.340299
1.928000 48.430359
1.933000 48.520274
1.938000 48.610045
1.943000 48.699670
1.948000 48.789150
1.953000 48.878486
1.958000 48.967676
1.963000 49.056722
1.968000 49.145623
1.973000 49.234379
1.978000 49.322990
1.983000 49.412818
1.988000 49.504682
1.993000 49.596420
1.998000 49.688032
2.003000 49.779518
2.008000 49.870878
2.013000 49.962112
2.018000 50.053220
2.023000 50.144203
2.028000 50.235060
2.033000 50.325791
2.038000 50.416397
2.043000 50.506877
2.048000 50.597232
2.053000 50.687461
2.058000 50.777565
2.063000 50.867544
2.068000 50.957397
2.073000 51.047126
2.078000 51.136729
2.083000 51.226207
2.088000 51.315561
2.093000 51.404789
2.098000 51.493893
2.103000 51.582871
2.108000 51.671725
2.113000 51.760454
2.118000 51.849059
2.123000 51.937538
2.128000 52.025894
2.133000 52.114124
2.138000 52.202231
2.143000 52.290212
2.148000 52.378070
2.153000 52.465803
2.158000 52.553412
2.163000 52.640896
2.168000 52.728256
2.173000 52.815492
2.178000 52.902605
2.183000 52.989592
2.188000 53.076456
2.193000 53.163196
2.198000 53.249812
2.203000 53.336305
2.208000 53.422673
2.213000 53.508917
2.218000 53.595038
2.223000 53.681035
2.228000 53.766908
2.233000 53.852658
2.238000 53.938284
2.243000 54.023787
2.248000 54.109165
2.253000 54.194421
2.258000 54.280387
2.263000 54.368988
2.268000 54.457482
2.273000 54.545869
2.278000 54.634150
2.283000 54.722323
2.288000 54.810390
2.293000 54.898350
2.298000 54.986204
2.303000 55.073950
2.308000 55.161590
2.313000 55.249124
2.318000 55.336551
2.323000 55.423872
2.328000 55.511086
2.333000 55.598193
2.338000 55.685195
2.343000 55.772090
2.348000 55.858878
2.353000 55.945561
2.358000 56.032137
2.363000 56.118608
2.368000 56.204972
2.373000 56.291230
2.378000 56.377382
2.383000 56.463428
2.388000 56.549368
2.393000 56.635202
2.398000 56.720930
2.403000 56.806553
2.408000 56.892070
2.413000 56.977481
2.418000 57.062786
2.423000 57.147985
2.428000 57.233079
2.433000 57.318068
2.438000 57.402950
2.443000 57.487728
2.448000 57.572399
2.453000 57.656965
2.458000 57.741426
2.463000 57.825782
2.468000 57.910032
2.473000 57.994176
2.478000 58.078216
2.483000 58.162150
2.488000 58.245979
2.493000 58.329703
2.498000 58.413321
2.503000 58.496835
2.508000 58.580243
2.513000 58.663546
2.518000 58.746745
2.523000 58.829838
2.528000 58.912826
2.533000 58.995709
2.538000 59.078488
2.543000 59.161161
2.548000 59.243730
2.553000 59.326194
2.558000 59.408553
2.563000 59.490807
2.568000 59.572956
2.573000 59.655001
2.578000 59.738523
2.583000 59.823852
2.588000 59.909089
2.593000 59.994236
2.598000 60.079293
2.603000 60.164259
2.608000 60.249134
2.613000 60.333919
2.618000 60.418614
2.623000 60.503218
2.628000 60.587731
2.633000 60.672155
2.638000 60.756488
2.643000 60.840730
2.648000 60.924883
2.653000 61.008945
2.658000 61.092917
2.663000 61.176799
2.668000 61.260590
2.673000 61.344292
2.678000 61.427904
2.683000 61.511425
2.688000 61.594857
2.693000 61.678198
2.698000 61.761450
2.703000 61.844611
2.708000 61.927683
2.713000 62.010665
2.718000 62.093557
2.723000 62.176359
2.728000 62.259072
2.733000 62.341694
2.738000 62.424227
2.743000 62.506671
2.748000 62.589024
2.753000 62.671288
2.758000 62.753463
2.763000 62.835547
2.768000 62.917543
2.773000 62.999448
2.778000 63.081265
2.783000 63.162991
2.788000 63.244629
2.793000 63.326177
2.798000 63.407635
2.803000 63.489004
2.808000 63.570284
2.813000 63.651474
2.818000 63.732576
2.823000 63.813587
2.828000 63.894510
2.833000 63.975343
2.838000 64.056088
2.843000 64.136743
2.848000 64.217309
2.853000 64.297785
2.858000 64.378173
2.863000 64.458472
2.868000 64.538681
2.873000 64.618802
2.878000 64.698833
2.883000 64.778775
2.888000 64.858629
2.893000 64.938394
2.898000 65.018069
2.903000 65.097656
2.908000 65.177154
2.913000 65.256563
2.918000 65.335883
2.923000 65.415114
2.928000 65.494257
2.933000 65.573310
2.938000 65.652275
2.943000 65.732905
2.948000 65.815019
2.953000 65.897056
2.958000 65.979015
2.963000 66.060898
2.968000 66.142704
2.973000 66.224433
2.978000 66.306085
2.983000 66.387660
2.988000 66.469158
2.993000 66.550579
2.998000 66.631924
3.003000 66.713192
3.008000 66.794383
3.013000 66.875497
3.018000 66.956534
3.023000 67.037495
3.028000 67.118380
3.033000 67.199187
3.038000 67.279918
3.043000 67.360573
3.048000 67.441150
3.053000 67.521652
3.058000 67.602076
3.063000 67.682425
3.068000 67.762696
3.073000 67.842892
3.078000 67.923011
3.083000 68.003053
3.088000 68.083019
3.093000 68.162909
3.098000 68.242722
3.103000 68.322459
3.108000 68.402120
3.113000 68.481704
3.118000 68.561212
3.123000 68.640644
3.128000 68.720000
3.133000 68.799279
3.138000 68.878483
3.143000 68.957610
3.148000 69.036661
3.153000 69.115635
3.158000 69.194534
3.163000 69.273357
3.168000 69.352103
3.173000 69.430774
3.178000 69.509368
3.183000 69.587887
3.188000 69.666329
3.193000 69.744696
3.198000 69.822987
3.203000 69.901201
3.208000 69.979340
3.213000 70.057403
3.218000 70.135390
3.223000 70.213301
3.228000 70.291136
3.233000 70.368895
3.238000 70.446579
3.243000 70.524187
3.248000 70.601719
3.253000 70.679175
3.258000 70.756556
3.263000 70.833861
3.268000 70.911090
3.273000 70.988243
3.278000 71.065321
3.283000 71.142323
3.288000 71.219249
3.293000 71.296100
3.298000 71.372876
3.303000 71.449575
3.308000 71.526199
3.313000 71.602748
3.318000 71.679221
3.323000 71.755618
3.328000 71.831940
3.333000 71.908186
3.338000 71.984357
3.343000 72.060453
3.348000 72.136473
3.353000 72.212417
3.358000 72.288287
3.363000 72.367132
3.368000 72.446006
3.373000 72.524814
3.378000 72.603556
3.383000 72.682232
3.388000 72.760843
3.393000 72.839389
3.398000 72.917868
3.403000 72.996283
3.408000 73.074631
3.413000 73.152914
3.418000 73.231132
3.423000 73.309284
3.428000 73.387371
3.433000 73.465392
3.438000 73.543347
3.443000 73.621237
3.448000 73.699062
3.453000 73.776822
3.458000 73.854516
3.463000 73.932144
3.468000 74.009708
3.473000 74.087206
3.478000 74.164638
3.483000 74.242006
3.488000 74.319308
3.493000 74.396545
3.498000 74.473716
3.503000 74.550822
3.508000 74.627864
3.513000 74.704839
3.518000 74.781750
3.523000 74.858596
3.528000 74.935376
3.533000 75.012091
3.538000 75.088741
3.543000 75.165326
3.548000 75.241846
3.553000 75.318301
3.558000 75.394691
3.563000 75.471016
3.568000 75.547275
3.573000 75.623470
3.578000 75.699600
3.583000 75.775665
3.588000 75.851664
3.593000 75.927599
3.598000 76.003469
3.603000 76.079274
3.608000 76.155014
3.613000 76.230689
3.618000 76.306299
3.623000 76.381844
3.628000 76.457325
3.633000 76.532740
3.638000 76.608091
3.643000 76.683377
3.648000 76.758598
3.653000 76.833754
3.658000 76.908846
3.663000 76.983873
3.668000 77.058835
3.673000 77.133732
3.678000 77.208565
3.683000 77.283333
3.688000 77.358036
3.693000 77.432674
3.698000 77.507248
3.703000 77.581757
3.708000 77.656202
3.713000 77.730581
3.718000 77.804897
3.723000 77.879147
3.728000 77.953333
3.733000 78.027455
3.738000 78.101511
3.743000 78.175504
3.748000 78.249431
3.753000 78.323295
3.758000 78.397093
3.763000 78.470827
3.768000 78.544497
3.773000 78.618102
3.778000 78.691643
3.783000 78.765119
3.788000 78.838530
3.793000 78.911878
3.798000 78.985160
3.803000 79.058379
3.808000 79.131533
3.813000 79.204622
3.818000 79.277647
3.823000 79.350608
3.828000 79.423504
3.833000 79.496336
3.838000 79.571545
3.843000 79.647668
3.848000 79.723737
3.853000 79.799750
3.858000 79.875708
3.863000 79.951611
3.868000 80.027459
3.873000 80.103252
3.878000 80.178990
3.883000 80.254673
3.888000 80.330301
3.893000 80.405874
3.898000 80.481392
3.903000 80.556855
3.908000 80.632263
3.913000 80.707616
3.918000 80.782914
3.923000 80.858157
3.928000 80.933346
3.933000 81.008479
3.938000 81.083558
3.943000 81.158581
3.948000 81.233550
3.953000 81.308464
3.958000 81.383323
3.963000 81.458128
3.968000 81.532877
3.973000 81.607572
3.978000 81.682212
3.983000 81.756797
3.988000 81.831328
3.993000 81.905803
3.998000 81.980224
4.003000 82.054591
4.008000 82.128902
4.013000 82.203159
4.018000 82.277362
4.023000 82.351509
4.028000 82.425602
4.033000 82.499640
4.038000 82.573624
4.043000 82.647553
4.048000 82.721427
4.053000 82.795247
4.058000 82.869012
4.063000 82.942723
4.068000 83.016379
4.073000 83.089980
4.078000 83.163527
4.083000 83.237020
4.088000 83.310458
4.093000 83.383841
4.098000 83.457170
4.103000 83.530445
4.108000 83.603664
4.113000 83.676830
4.118000 83.749941
4.123000 83.822998
4.128000 83.896000
4.133000 83.968947
4.138000 84.041841
4.143000 84.114680
4.148000 84.187464
4.153000 84.260194
4.158000 84.332870
4.163000 84.405491
4.168000 84.478058
4.173000 84.550571
4.178000 84.623029
4.183000 84.695433
4.188000 84.767783
4.193000 84.840078
4.198000 84.912320
4.203000 84.984506
4.208000 85.056639
4.213000 85.128717
4.218000 85.200741
4.223000 85.272711
4.228000 85.344627
4.233000 85.416488
4.238000 85.488295
4.243000 85.560048
4.248000 85.631747
4.253000 85.703391
4.258000 85.774981
4.263000 85.846518
4.268000 85.918000
4.273000 85.989427
4.278000 86.060801
4.283000 86.132121
4.288000 86.203386
4.293000 86.274597
4.298000 86.345755
4.303000 86.416858
4.308000 86.487907
4.313000 86.558901
4.318000 86.629842
4.323000 86.700729
4.328000 86.771562
4.333000 86.842340
4.338000 86.913065
4.343000 86.983736
4.348000 87.054352
4.353000 87.124915
4.358000 87.195423
4.363000 87.265878
4.368000 87.336278
4.373000 87.406625
4.378000 87.477934
4.383000 87.551046
4.388000 87.624112
4.393000 87.697130
4.398000 87.770101
4.403000 87.843025
4.408000 87.915902
4.413000 87.988732
4.418000 88.061515
4.423000 88.134250
4.428000 88.206939
4.433000 88.279580
4.438000 88.352175
4.443000 88.424722
4.448000 88.497222
4.453000 88.569676
4.458000 88.642082
4.463000 88.714441
4.468000 88.786753
4.473000 88.859018
4.478000 88.931237
4.483000 89.003408
4.488000 89.075532
4.493000 89.147609
4.498000 89.219640
4.503000 89.291623
4.508000 89.363560
4.513000 89.435449
4.518000 89.507292
4.523000 89.579087
4.528000 89.650836
4.533000 89.722538
4.538000 89.794193
4.543000 89.865801
4.548000 89.937363
4.553000 90.008877
4.558000 90.080345
4.563000 90.151765
4.568000 90.223139
4.573000 90.294466
4.578000 90.365747
4.583000 90.436980
4.588000 90.508167
4.593000 90.579307
4.598000 90.650400
4.603000 90.721446
4.608000 90.792446
4.613000 90.863399
4.618000 90.934305
4.623000 91.005164
4.628000 91.075977
4.633000 91.146743
4.638000 91.217462
4.643000 91.288134
4.648000 91.358760
4.653000 91.429339
4.658000 91.499872
4.663000 91.570358
4.668000 91.640797
4.673000 91.711189
4.678000 91.781535
4.683000 91.851834
4.688000 91.922087
4.693000 91.992293
4.698000 92.062452
4.703000 92.132564
4.708000 92.202631
4.713000 92.272650
4.718000 92.342623
4.723000 92.412549
4.728000 92.482429
4.733000 92.552262
4.738000 92.622049
4.743000 92.691789
4.748000 92.761482
4.753000 92.831129
4.758000 92.900730
4.763000 92.970284
4.768000 93.039791
4.773000 93.109252
4.778000 93.178666
4.783000 93.248034
4.788000 93.317356
4.793000 93.386631
4.798000 93.455859
4.803000 93.525041
4.808000 93.594177
4.813000 93.663266
4.818000 93.732309
4.823000 93.801305
4.828000 93.870255
4.833000 93.939158
4.838000 94.008015
4.843000 94.076825
4.848000 94.145589
4.853000 94.214307
4.858000 94.282979
4.863000 94.351604
4.868000 94.420182
4.873000 94.488714
4.878000 94.557200
4.883000 94.625640
4.888000 94.694033
4.893000 94.762379
4.898000 94.830680
4.903000 94.898934
4.908000 94.967142
4.913000 95.035303
4.918000 95.103418
4.923000 95.171487
4.928000 95.239510
4.933000 95.307486
4.938000 95.375416
4.943000 95.443299
4.948000 95.511137
4.953000 95.578928
4.958000 95.646672
4.963000 95.714371
4.968000 95.782023
4.973000 95.849629
4.978000 95.917189
4.983000 95.984703
4.988000 96.053025
4.993000 96.123397
4.998000 96.193729
5.003000 96.264021
5.008000 96.334272
5.013000 96.404484
5.018000 96.474655
5.023000 96.544787
5.028000 96.614878
5.033000 96.684930
5.038000 96.754941
5.043000 96.824912
5.048000 96.894843
5.053000 96.964735
5.058000 97.034586
5.063000 97.104397
5.068000 97.174169
5.073000 97.243900
5.078000 97.313591
5.083000 97.383243
5.088000 97.452854
5.093000 97.522425
5.098000 97.591957
5.103000 97.661449
5.108000 97.730900
5.113000 97.800312
5.118000 97.869684
5.123000 97.939016
5.128000 98.008308
5.133000 98.077560
5.138000 98.146772
5.143000 98.215944
5.148000 98.285077
5.153000 98.354169
5.158000 98.423222
5.163000 98.492235
5.168000 98.561208
5.173000 98.630141
5.178000 98.699034
5.183000 98.767888
5.188000 98.836701
5.193000 98.905475
5.198000 98.974209
5.203000 99.042903
5.208000 99.111558
5.213000 99.180172
5.218000 99.248747
5.223000 99.317282
5.228000 99.385777
5.233000 99.454233
5.238000 99.522649
5.243000 99.591025
5.248000 99.659361
5.253000 99.727657
5.258000 99.795914
5.263000 99.864131
5.268000 99.932309
5.273000 100.000446
5.278000 100.068544
5.283000 100.136602
5.288000 100.204621
5.293000 100.272599
5.298000 100.340539
5.303000 100.408438
5.308000 100.476298
5.313000 100.544118
5.318000 100.611898
5.323000 100.679639
5.328000 100.747340
5.333000 100.815001
5.338000 100.882623
5.343000 100.950205
5.348000 101.017748
5.353000 101.085250
5.358000 101.152714
5.363000 101.220137
5.368000 101.287521
5.373000 101.354866
5.378000 101.422171
5.383000 101.489436
5.388000 101.556662
5.393000 101.623848
5.398000 101.690994
5.403000 101.758101
5.408000 101.825168
5.413000 101.892196
5.418000 101.959184
5.423000 102.026133
5.428000 102.093042
5.433000 102.159912
5.438000 102.226742
5.443000 102.293532
5.448000 102.360283
5.453000 102.426995
5.458000 102.493667
5.463000 102.560299
5.468000 102.626892
5.473000 102.693446
5.478000 102.759959
5.483000 102.826434
5.488000 102.892869
5.493000 102.959264
5.498000 103.025620
5.503000 103.091937
5.508000 103.158214
5.513000 103.224452
5.518000 103.290650
5.523000 103.356809
5.528000 103.422928
5.533000 103.489008
5.538000 103.555048
5.543000 103.621049
5.548000 103.687011
5.553000 103.752933
5.558000 103.818815
5.563000 103.884659
5.568000 103.950463
5.573000 104.016227
5.578000 104.081952
5.583000 104.147638
5.588000 104.213284
5.593000 104.278891
5.598000 104.344459
5.603000 104.409987
5.608000 104.475475
5.613000 104.540925
5.618000 104.606335
5.623000 104.671706
5.628000 104.737037
5.633000 104.802329
5.638000 104.867582
5.643000 104.932795
5.648000 104.997969
5.653000 105.063103
5.658000 105.128199
5.663000 105.193255
5.668000 105.258271
5.673000 105.323249
5.678000 105.388187
5.683000 105.455985
5.688000 105.523785
5.693000 105.591551
5.698000 105.659283
5.703000 105.726981
5.708000 105.794645
5.713000 105.862275
5.718000 105.929871
5.723000 105.997434
5.728000 106.064962
5.733000 106.132457
5.738000 106.199918
5.743000 106.267345
5.748000 106.334738
5.753000 106.402097
5.758000 106.469422
5.763000 106.536713
5.768000 106.603971
5.773000 106.671195
5.778000 106.738384
5.783000 106.805541
5.788000 106.872663
5.793000 106.939751
5.798000 107.006806
5.803000 107.073826
5.808000 107.140813
5.813000 107.207766
5.818000 107.274686
5.823000 107.341571
5.828000 107.408423
5.833000 107.475241
5.838000 107.542025
5.843000 107.608775
5.848000 107.675492
5.853000 107.742175
5.858000 107.808824
5.863000 107.875439
5.868000 107.942021
5.873000 108.008568
5.878000 108.075083
5.883000 108.141563
5.888000 108.208010
5.893000 108.274422
5.898000 108.340802
5.903000 108.407147
5.908000 108.473459
5.913000 108.539737
5.918000 108.605981
5.923000 108.672192
5.928000 108.738369
5.933000 108.804512
5.938000 108.870621
5.943000 108.936697
5.948000 109.002740
5.953000 109.068748
5.958000 109.134723
5.963000 109.200664
5.968000 109.266572
5.973000 109.332446
5.978000 109.398286
5.983000 109.464092
5.988000 109.529865
5.993000 109.595605
5.998000 109.661310
6.003000 109.726983
6.008000 109.792621
6.013000 109.858226
6.018000 109.923797
6.023000 109.989335
6.028000 110.054839
6.033000 110.120309
6.038000 110.185746
6.043000 110.251149
6.048000 110.316519
6.053000 110.381855
6.058000 110.447158
6.063000 110.512427
6.068000 110.577662
6.073000 110.642864
6.078000 110.708032
6.083000 110.773167
6.088000 110.838268
6.093000 110.903335
6.098000 110.968369
6.103000 111.033370
6.108000 111.098337
6.113000 111.163270
6.118000 111.228170
6.123000 111.293037
6.128000 111.357869
6.133000 111.422669
6.138000 111.487435
6.143000 111.552167
6.148000 111.616866
6.153000 111.681531
6.158000 111.746163
6.163000 111.810761
6.168000 111.875326
6.173000 111.939858
6.178000 112.004356
6.183000 112.068820
6.188000 112.133251
6.193000 112.197649
6.198000 112.262013
6.203000 112.326343
6.208000 112.390640
6.213000 112.454904
6.218000 112.519134
6.223000 112.583331
6.228000 112.647494
6.233000 112.711624
6.238000 112.775721
6.243000 112.839784
6.248000 112.903813
6.253000 112.967809
6.258000 113.031772
6.263000 113.095702
6.268000 113.159598
6.273000 113.223460
6.278000 113.287289
6.283000 113.351085
6.288000 113.414847
6.293000 113.478576
6.298000 113.542272
6.303000 113.605934
6.308000 113.669563
6.313000 113.733158
6.318000 113.796720
6.323000 113.860249
6.328000 113.923744
6.333000 113.987206
6.338000 114.050635
6.343000 114.114030
6.348000 114.177392
6.353000 114.240720
6.358000 114.304015
6.363000 114.367277
6.368000 114.430506
6.373000 114.493701
6.378000 114.556862
6.383000 114.619991
6.388000 114.683086
6.393000 114.746148
6.398000 114.809176
6.403000 114.872172
6.408000 114.935133
6.413000 114.998062
6.418000 115.060957
6.423000 115.123819
6.428000 115.186648
6.433000 115.249443
6.438000 115.312205
6.443000 115.374934
6.448000 115.437629
6.453000 115.500291
6.458000 115.562920
6.463000 115.625516
6.468000 115.689495
6.473000 115.754828
6.478000 115.820131
6.483000 115.885406
6.488000 115.950652
6.493000 116.015869
6.498000 116.081057
6.503000 116.146217
6.508000 116.211348
6.513000 116.276450
6.518000 116.341523
6.523000 116.406568
6.528000 116.471584
6.533000 116.536571
6.538000 116.601530
6.543000 116.666459
6.548000 116.731360
6.553000 116.796233
6.558000 116.861076
6.563000 116.925891
6.568000 116.990678
6.573000 117.055435
6.578000 117.120164
6.583000 117.184864
6.588000 117.249535
6.593000 117.314178
6.598000 117.378792
6.603000 117.443378
6.608000 117.507934
6.613000 117.572462
6.618000 117.636962
6.623000 117.701433
6.628000 117.765875
6.633000 117.830288
6.638000 117.894673
6.643000 117.959029
6.648000 118.023357
6.653000 118.087655
6.658000 118.151926
6.663000 118.216167
6.668000 118.280380
6.673000 118.344565
6.678000 118.408720
6.683000 118.472847
6.688000 118.536946
6.693000 118.601016
6.698000 118.665057
6.703000 118.729070
6.708000 118.793054
6.713000 118.857009
6.718000 118.920936
6.723000 118.984835
6.728000 119.048704
6.733000 119.112546
6.738000 119.176358
6.743000 119.240142
6.748000 119.303898
6.753000 119.367624
6.758000 119.431323
6.763000 119.494993
6.768000 119.558634
6.773000 119.622246
6.778000 119.685830
6.783000 119.749386
6.788000 119.812913
6.793000 119.876412
6.798000 119.939881
6.803000 120.003323
6.808000 120.066736
6.813000 120.130120
6.818000 120.193476
6.823000 120.256803
6.828000 120.320102
6.833000 120.383372
6.838000 120.446614
6.843000 120.509827
6.848000 120.573012
6.853000 120.636169
6.858000 120.699296
6.863000 120.762396
6.868000 120.825466
6.873000 120.888509
6.878000 120.951523
6.883000 121.014508
6.888000 121.077465
6.893000 121.140393
6.898000 121.203293
6.903000 121.266165
6.908000 121.329008
6.913000 121.391822
6.918000 121.454608
6.923000 121.517366
6.928000 121.580095
6.933000 121.642796
6.938000 121.705468
6.943000 121.768112
6.948000 121.830728
6.953000 121.893315
6.958000 121.955873
6.963000 122.018403
6.968000 122.080905
6.973000 122.143378
6.978000 122.205823
6.983000 122.268240
6.988000 122.330628
6.993000 122.392987
6.998000 122.455318
7.003000 122.517621
7.008000 122.579896
7.013000 122.642142
7.018000 122.704359
7.023000 122.766548
7.028000 122.828709
7.033000 122.890842
7.038000 122.952946
7.043000 123.015021
7.048000 123.077069
7.053000 123.139088
7.058000 123.201078
7.063000 123.263040
7.068000 123.324974
7.073000 123.386880
7.078000 123.448757
7.083000 123.510605
7.088000 123.572426
7.093000 123.634218
7.098000 123.695982
7.103000 123.757717
7.108000 123.819424
7.113000 123.881102
7.118000 123.942753
7.123000 124.004375
7.128000 124.065968
7.133000 124.127534
7.138000 124.189070
7.143000 124.250579
7.148000 124.312059
7.153000 124.373511
7.158000 124.434935
7.163000 124.496330
7.168000 124.557697
7.173000 124.619036
7.178000 124.680347
7.183000 124.741629
7.188000 124.802882
7.193000 124.864108
7.198000 124.925305
7.203000 124.986474
7.208000 125.047615
7.213000 125.108727
7.218000 125.169811
7.223000 125.230867
7.228000 125.291894
7.233000 125.352894
7.238000 125.413864
7.243000 125.474807
7.248000 125.535721
7.253000 125.596608
7.258000 125.657465
7.263000 125.718295
7.268000 125.779096
7.273000 125.839869
7.278000 125.900614
7.283000 125.961331
7.288000 126.022019
7.293000 126.082679
7.298000 126.143311
7.303000 126.203914
7.308000 126.264489
7.313000 126.325036
7.318000 126.385555
7.323000 126.446046
7.328000 126.506508
7.333000 126.566942
7.338000 126.627348
7.343000 126.687726
7.348000 126.748075
7.353000 126.808396
7.358000 126.868689
7.363000 126.930389
7.368000 126.993363
7.373000 127.056313
7.378000 127.119238
7.383000 127.182139
7.388000 127.245016
7.393000 127.307868
7.398000 127.370696
7.403000 127.433500
7.408000 127.496279
7.413000 127.559034
7.418000 127.621765
7.423000 127.684471
7.428000 127.747153
7.433000 127.809811
7.438000 127.872445
7.443000 127.935054
7.448000 127.997638
7.453000 128.060199
7.458000 128.122735
7.463000 128.185247
7.468000 128.247734
7.473000 128.310198
7.478000 128.372637
7.483000 128.435051
7.488000 128.497442
7.493000 128.559808
7.498000 128.622150
7.503000 128.684467
7.508000 128.746761
7.513000 128.809030
7.518000 128.871274
7.523000 128.933495
7.528000 128.995691
7.533000 129.057863
7.538000 129.120011
7.543000 129.182134
7.548000 129.244233
7.553000 129.306308
7.558000 129.368359
7.563000 129.430385
7.568000 129.492388
7.573000 129.554365
7.578000 129.616319
7.583000 129.678249
7.588000 129.740154
7.593000 129.802035
7.598000 129.863892
7.603000 129.925724
7.608000 129.987533
7.613000 130.049317
7.618000 130.111077
7.623000 130.172813
7.628000 130.234524
7.633000 130.296211
7.638000 130.357875
7.643000 130.419514
7.648000 130.481128
7.653000 130.542719
7.658000 130.604285
7.663000 130.665827
7.668000 130.727345
7.673000 130.788839
7.678000 130.850309
7.683000 130.911754
7.688000 130.973175
7.693000 131.034572
7.698000 131.095945
7.703000 131.157294
7.708000 131.218618
7.713000 131.279919
7.718000 131.341195
7.723000 131.402447
7.728000 131.463675
7.733000 131.524879
7.738000 131.586058
7.743000 131.647214
7.748000 131.708345
7.753000 131.769452
7.758000 131.830535
7.763000 131.891594
7.768000 131.952629
7.773000 132.013639
7.778000 132.074626
7.783000 132.135588
7.788000 132.196527
7.793000 132.257441
7.798000 132.318331
7.803000 132.379196
7.808000 132.440038
7.813000 132.500856
7.818000 132.561649
7.823000 132.622419
7.828000 132.683164
7.833000 132.743885
7.838000 132.804582
7.843000 132.865255
7.848000 132.925904
7.853000 132.986529
7.858000 133.047130
7.863000 133.107706
7.868000 133.168259
7.873000 133.228787
7.878000 133.289292
7.883000 133.349772
7.888000 133.410228
7.893000 133.470660
7.898000 133.531068
7.903000 133.591452
7.908000 133.651812
7.913000 133.712148
7.918000 133.772460
7.923000 133.832748
7.928000 133.893011
7.933000 133.953251
7.938000 134.013466
7.943000 134.073658
7.948000 134.133825
7.953000 134.193969
7.958000 134.254088
7.963000 134.314183
7.968000 134.374255
7.973000 134.434302
7.978000 134.494325
7.983000 134.554324
7.988000 134.614299
7.993000 134.674250
7.998000 134.734177
8.003000 134.794080
8.008000 134.853959
8.013000 134.913814
8.018000 134.973645
8.023000 135.033452
8.028000 135.093235
8.033000 135.152994
8.038000 135.212729
8.043000 135.272440
8.048000 135.332126
8.053000 135.391789
8.058000 135.451428
8.063000 135.511043
8.068000 135.570634
8.073000 135.630201
8.078000 135.689743
8.083000 135.749262
8.088000 135.808757
8.093000 135.868228
8.098000 135.927675
8.103000 135.987098
8.108000 136.046497
8.113000 136.105872
8.118000 136.165222
8.123000 136.224549
8.128000 136.283852
8.133000 136.343131
8.138000 136.402386
8.143000 136.461618
8.148000 136.520825
8.153000 136.580008
8.158000 136.639167
8.163000 136.698302
8.168000 136.757413
8.173000 136.816501
8.178000 136.875564
8.183000 136.934603
8.188000 136.993619
8.193000 137.052610
8.198000 137.111578
8.203000 137.170521
8.208000 137.229441
8.213000 137.288337
8.218000 137.347209
8.223000 137.406056
8.228000 137.464880
8.233000 137.523680
8.238000 137.582456
8.243000 137.641208
8.248000 137.699936
8.253000 137.758641
8.258000 137.817321
8.263000 137.875977
8.268000 137.934610
8.273000 137.993218
8.278000 138.051803
8.283000 138.110363
8.288000 138.168900
8.293000 138.226346
8.298000 138.270352
8.303000 138.314320
8.308000 138.358250
8.313000 138.402143
8.318000 138.445998
8.323000 138.489816
8.328000 138.533596
8.333000 138.577338
8.338000 138.621043
8.343000 138.664710
8.348000 138.708339
8.353000 138.752699
8.358000 138.800956
8.363000 138.849180
8.368000 138.897371
8.373000 138.945530
8.378000 138.993656
8.383000 139.041750
8.388000 139.089811
8.393000 139.137839
8.398000 139.185835
8.403000 139.233798
8.408000 139.281728
8.413000 139.329626
8.418000 139.377491
8.423000 139.425324
8.428000 139.473124
8.433000 139.520891
8.438000 139.568626
8.443000 139.616329
8.448000 139.663999
8.453000 139.711636
8.458000 139.759241
8.463000 139.806813
8.468000 139.854352
8.473000 139.901860
8.478000 139.949334
8.483000 139.996776
8.488000 140.044186
8.493000 140.091563
8.498000 140.138908
8.503000 140.186220
8.508000 140.233499
8.513000 140.280746
8.518000 140.327961
8.523000 140.375143
8.528000 140.422293
8.533000 140.469410
8.538000 140.516495
8.543000 140.563548
8.548000 140.610567
8.553000 140.657555
8.558000 140.704510
8.563000 140.751433
8.568000 140.798323
8.573000 140.845181
8.578000 140.892006
8.583000 140.938799
8.588000 140.985560
8.593000 141.032288
8.598000 141.078984
8.603000 141.125648
8.608000 141.172279
8.613000 141.218878
8.618000 141.265444
8.623000 141.311978
8.628000 141.358480
8.633000 141.404949
8.638000 141.451386
8.643000 141.497791
8.648000 141.544164
8.653000 141.590504
8.658000 141.636812
8.663000 141.683087
8.668000 141.729330
8.673000 141.775541
8.678000 141.821720
8.683000 141.867866
8.688000 141.913980
8.693000 141.960062
8.698000 142.006112
8.703000 142.052129
8.708000 142.098114
8.713000 142.144067
8.718000 142.189987
8.723000 142.235876
8.728000 142.281732
8.733000 142.327556
8.738000 142.373347
8.743000 142.419107
8.748000 142.464834
8.753000 142.510529
8.758000 142.556192
8.763000 142.601822
8.768000 142.647421
8.773000 142.692987
8.778000 142.738521
8.783000 142.784023
8.788000 142.829493
8.793000 142.874930
8.798000 142.920336
8.803000 142.965709
8.808000 143.011050
8.813000 143.056360
8.818000 143.101636
8.823000 143.146881
8.828000 143.192094
8.833000 143.237275
8.838000 143.282423
8.843000 143.327539
8.848000 143.372624
8.853000 143.417676
8.858000 143.462696
8.863000 143.507684
8.868000 143.552640
8.873000 143.597564
8.878000 143.642456
8.883000 143.687316
8.888000 143.732143
8.893000 143.776939
8.898000 143.821703
8.903000 143.866434
8.908000 143.911134
8.913000 143.955801
8.918000 144.000437
8.923000 144.045041
8.928000 144.089612
8.933000 144.134152
8.938000 144.178659
8.943000 144.223135
8.948000 144.267578
8.953000 144.311990
8.958000 144.356370
8.963000 144.400717
8.968000 144.445033
8.973000 144.489317
8.978000 144.533569
8.983000 144.577788
8.988000 144.621976
8.993000 144.666132
8.998000 144.710256
9.003000 144.754348
9.008000 144.798409
9.013000 144.842437
9.018000 144.886433
9.023000 144.930398
9.028000 144.974330
9.033000 145.018231
9.038000 145.062100
9.043000 145.105937
9.048000 145.149742
9.053000 145.193515
9.058000 145.237257
9.063000 145.280966
9.068000 145.324644
9.073000 145.368289
9.078000 145.411903
9.083000 145.455485
9.088000 145.499036
9.093000 145.542554
9.098000 145.586041
9.103000 145.629496
9.108000 145.672919
9.113000 145.716310
9.118000 145.759669
9.123000 145.802997
9.128000 145.846293
9.133000 145.889557
9.138000 145.932789
9.143000 145.975989
9.148000 146.019158
9.153000 146.062295
9.158000 146.105400
9.163000 146.148474
9.168000 146.191515
9.173000 146.234525
9.178000 146.277503
9.183000 146.320450
9.188000 146.363365
9.193000 146.406248
9.198000 146.449099
9.203000 146.491919
9.208000 146.534707
9.213000 146.577463
9.218000 146.620187
9.223000 146.662880
9.228000 146.705541
9.233000 146.748171
9.238000 146.790769
9.243000 146.833335
9.248000 146.875869
9.253000 146.918372
9.258000 146.960843
9.263000 147.003283
9.268000 147.045690
9.273000 147.088067
9.278000 147.130411
9.283000 147.172724
9.288000 147.215006
9.293000 147.257255
9.298000 147.299474
9.303000 147.341660
9.308000 147.383815
9.313000 147.425938
9.318000 147.468030
9.323000 147.510090
9.328000 147.552119
9.333000 147.594116
9.338000 147.636081
9.343000 147.678015
9.348000 147.719917
9.353000 147.761788
9.358000 147.803627
9.363000 147.845435
9.368000 147.887211
9.373000 147.928956
9.378000 147.970669
9.383000 148.012350
9.388000 148.054000
9.393000 148.095619
9.398000 148.137206
9.403000 148.178761
9.408000 148.220285
9.413000 148.261778
9.418000 148.303239
9.423000 148.344668
9.428000 148.386066
9.433000 148.427433
9.438000 148.468768
9.443000 148.510072
9.448000 148.551344
9.453000 148.592585
9.458000 148.633794
9.463000 148.674972
9.468000 148.716118
9.473000 148.757233
9.478000 148.798317
9.483000 148.839369
9.488000 148.880390
9.493000 148.921379
9.498000 148.965079
9.503000 149.010752
9.508000 149.056399
9.513000 149.102018
9.518000 149.147611
9.523000 149.193176
9.528000 149.238715
9.533000 149.284227
9.538000 149.329711
9.543000 149.375169
9.548000 149.420599
9.553000 149.466003
9.558000 149.511380
9.563000 149.556729
9.568000 149.602052
9.573000 149.647348
9.578000 149.692616
9.583000 149.737858
9.588000 149.783073
9.593000 149.828261
9.598000 149.873422
9.603000 149.918556
9.608000 149.963663
9.613000 150.008743
9.618000 150.053797
9.623000 150.098823
9.628000 150.143823
9.633000 150.188795
9.638000 150.233741
9.643000 150.278660
9.648000 150.323551
9.653000 150.368416
9.658000 150.413254
9.663000 150.458066
9.668000 150.502850
9.673000 150.547607
9.678000 150.592338
9.683000 150.637042
9.688000 150.681718
9.693000 150.726368
9.698000 150.770992
9.703000 150.815588
9.708000 150.860157
9.713000 150.904700
9.718000 150.949216
9.723000 150.993705
9.728000 151.038167
9.733000 151.082602
9.738000 151.127010
9.743000 151.171392
9.748000 151.215747
9.753000 151.260075
9.758000 151.304376
9.763000 151.348651
9.768000 151.392898
9.773000 151.437119
9.778000 151.481313
9.783000 151.525480
9.788000 151.569621
9.793000 151.613735
9.798000 151.657822
9.803000 151.701882
9.808000 151.745915
9.813000 151.789922
9.818000 151.833902
9.823000 151.877855
9.828000 151.921782
9.833000 151.965681
9.838000 152.009554
9.843000 152.053401
9.848000 152.097220
9.853000 152.141013
9.858000 152.184779
9.863000 152.228518
9.868000 152.272231
9.873000 152.315917
9.878000 152.359576
9.883000 152.403209
9.888000 152.446815
9.893000 152.490394
9.898000 152.533946
9.903000 152.577472
9.908000 152.620971
9.913000 152.664444
9.918000 152.707890
9.923000 152.751309
9.928000 152.794701
9.933000 152.838067
9.938000 152.881407
9.943000 152.924719
9.948000 152.968005
9.953000 153.011264
9.958000 153.054497
9.963000 153.097703
9.968000 153.140882
9.973000 153.184035
9.978000 153.227161
9.983000 153.270261
9.988000 153.313334
9.993000 153.356380
9.998000 153.399400
10.003000 153.442393
10.008000 153.485359
10.013000 153.528299
10.018000 153.571213
10.023000 153.614099
10.028000 153.656960
10.033000 153.699793
10.038000 153.742600
10.043000 153.785381
10.048000 153.828135
10.053000 153.870862
10.058000 153.913563
10.063000 153.956237
10.068000 153.998885
10.073000 154.041506
10.078000 154.084101
10.083000 154.126669
10.088000 154.169211
10.093000 154.211726
10.098000 154.254214
10.103000 154.296676
10.108000 154.339112
10.113000 154.381521
10.118000 154.423904
10.123000 154.466260
10.128000 154.508589
10.133000 154.550892
10.138000 154.593169
10.143000 154.635419
10.148000 154.677642
10.153000 154.719840
10.158000 154.762010
10.163000 154.804154
10.168000 154.846272
10.173000 154.888363
10.178000 154.930428
10.183000 154.972467
10.188000 155.014479
10.193000 155.056464
10.198000 155.098423
10.203000 155.140356
10.208000 155.182262
10.213000 155.224142
10.218000 155.265995
10.223000 155.307822
10.228000 155.349622
10.233000 155.391396
10.238000 155.433144
10.243000 155.474865
10.248000 155.516560
10.253000 155.558229
10.258000 155.599871
10.263000 155.641486
10.268000 155.683076
10.273000 155.724639
10.278000 155.766175
10.283000 155.807685
10.288000 155.849169
10.293000 155.890627
10.298000 155.932058
10.303000 155.973462
10.308000 156.014841
10.313000 156.056193
10.318000 156.097518
10.323000 156.138818
10.328000 156.180091
10.333000 156.221338
10.338000 156.262558
10.343000 156.303752
10.348000 156.344920
10.353000 156.386061
10.358000 156.427176
10.363000 156.468265
10.368000 156.509327
10.373000 156.550363
10.378000 156.591373
10.383000 156.632357
10.388000 156.673314
10.393000 156.714245
10.398000 156.755150
10.403000 156.796028
10.408000 156.836880
10.413000 156.877706
10.418000 156.918506
10.423000 156.959279
10.428000 157.000026
10.433000 157.040747
10.438000 157.081442
10.443000 157.122110
10.448000 157.162752
10.453000 157.203368
10.458000 157.243958
10.463000 157.284521
10.468000 157.325058
10.473000 157.365569
10.478000 157.406054
10.483000 157.446512
10.488000 157.486945
10.493000 157.527351
10.498000 157.567731
10.503000 157.608084
10.508000 157.648412
10.513000 157.688713
10.518000 157.728988
10.523000 157.769237
10.528000 157.809460
10.533000 157.849656
10.538000 157.889827
10.543000 157.929971
10.548000 157.970089
10.553000 158.010181
10.558000 158.050246
10.563000 158.090286
10.568000 158.130299
10.573000 158.170287
10.578000 158.210248
10.583000 158.250183
10.588000 158.290091
10.593000 158.329974
10.598000 158.369831
10.603000 158.409661
10.608000 158.449465
10.613000 158.489244
10.618000 158.528996
10.623000 158.568722
10.628000 158.608421
10.633000 158.648095
10.638000 158.687743
10.643000 158.727364
10.648000 158.766960
10.653000 158.806529
10.658000 158.846072
10.663000 158.885590
10.668000 158.925081
10.673000 158.964546
10.678000 159.003985
10.683000 159.043398
10.688000 159.082785
10.693000 159.122145
10.698000 159.161480
10.703000 159.200789
10.708000 159.240071
10.713000 159.279328
10.718000 159.318558
10.723000 159.357763
10.728000 159.396941
10.733000 159.436094
10.738000 159.475220
10.743000 159.514321
10.748000 159.553395
10.753000 159.592443
10.758000 159.631466
10.763000 159.670462
10.768000 159.709432
10.773000 159.748377
10.778000 159.787295
10.783000 159.826187
10.788000 159.865054
10.793000 159.903894
10.798000 159.943602
10.803000 159.986541
10.808000 160.029458
10.813000 160.072352
10.818000 160.115223
10.823000 160.158072
10.828000 160.200898
10.833000 160.243701
10.838000 160.286482
10.843000 160.329240
10.848000 160.371976
10.853000 160.414689
10.858000 160.457380
10.863000 160.500048
10.868000 160.542693
10.873000 160.585316
10.878000 160.627917
10.883000 160.670494
10.888000 160.713050
10.893000 160.755582
10.898000 160.798092
10.903000 160.840580
10.908000 160.883045
10.913000 160.925487
10.918000 160.967907
10.923000 161.010305
10.928000 161.052680
10.933000 161.095032
10.938000 161.137362
10.943000 161.179669
10.948000 161.221954
10.953000 161.264216
10.958000 161.306456
10.963000 161.348673
10.968000 161.390868
10.973000 161.433040
10.978000 161.475190
10.983000 161.517318
10.988000 161.559422
10.993000 161.601505
10.998000 161.643564
11.003000 161.685602
11.008000 161.727617
11.013000 161.769609
11.018000 161.811579
11.023000 161.853526
11.028000 161.895451
11.033000 161.937354
11.038000 161.979234
11.043000 162.021091
11.048000 162.062927
11.053000 162.104739
11.058000 162.146530
11.063000 162.188297
11.068000 162.230043
11.073000 162.271766
11.078000 162.313466
11.083000 162.355144
11.088000 162.396800
11.093000 162.438433
11.098000 162.480044
11.103000 162.521632
11.108000 162.563198
11.113000 162.604742
11.118000 162.646263
11.123000 162.687762
11.128000 162.729238
11.133000 162.770692
11.138000 162.812123
11.143000 162.853532
11.148000 162.894919
11.153000 162.936284
11.158000 162.977626
11.163000 163.018945
11.168000 163.060242
11.173000 163.101517
11.178000 163.142770
11.183000 163.184000
11.188000 163.225207
11.193000 163.266393
11.198000 163.307556
11.203000 163.348697
11.208000 163.389815
11.213000 163.430911
11.218000 163.471984
11.223000 163.513036
11.228000 163.554065
11.233000 163.595071
11.238000 163.636055
11.243000 163.677017
11.248000 163.717957
11.253000 163.758874
11.258000 163.799769
11.263000 163.840642
11.268000 163.881492
11.273000 163.922320
11.278000 163.963126
11.283000 164.003909
11.288000 164.044670
11.293000 164.085409
11.298000 164.126125
11.303000 164.166820
11.308000 164.207491
11.313000 164.248141
11.318000 164.288768
11.323000 164.329373
11.328000 164.369956
11.333000 164.410517
11.338000 164.451055
11.343000 164.491571
11.348000 164.532064
11.353000 164.572536
11.358000 164.612985
11.363000 164.653412
11.368000 164.693816
11.373000 164.734199
11.378000 164.774559
11.383000 164.814897
11.388000 164.855212
11.393000 164.895506
11.398000 164.935777
11.403000 164.976026
11.408000 165.016252
11.413000 165.056457
11.418000 165.096639
11.423000 165.136799
11.428000 165.176937
11.433000 165.217052
11.438000 165.257146
11.443000 165.297217
11.448000 165.337266
11.453000 165.377293
11.458000 165.417297
11.463000 165.457279
11.468000 165.497240
11.473000 165.537177
11.478000 165.577093
11.483000 165.616987
11.488000 165.656858
11.493000 165.696707
11.498000 165.736534
11.503000 165.776339
11.508000 165.816122
11.513000 165.855882
11.518000 165.895621
11.523000 165.935337
11.528000 165.975031
11.533000 166.014703
11.538000 166.054352
11.543000 166.093980
11.548000 166.133585
11.553000 166.173169
11.558000 166.212730
11.563000 166.252269
11.568000 166.291786
11.573000 166.331280
11.578000 166.370753
11.583000 166.410203
11.588000 166.449632
11.593000 166.489038
11.598000 166.528422
11.603000 166.567784
11.608000 166.607124
11.613000 166.646441
11.618000 166.685737
11.623000 166.725010
11.628000 166.764262
11.633000 166.803491
11.638000 166.842698
11.643000 166.881884
11.648000 166.921047
11.653000 166.960188
11.658000 166.999306
11.663000 167.038403
11.668000 167.077478
11.673000 167.116531
11.678000 167.155561
11.683000 167.194570
11.688000 167.233556
11.693000 167.272520
11.698000 167.311463
11.703000 167.350383
11.708000 167.389281
11.713000 167.428157
11.718000 167.467011
11.723000 167.505843
11.728000 167.544653
11.733000 167.583441
11.738000 167.622207
11.743000 167.660951
11.748000 167.699673
11.753000 167.738373
11.758000 167.777051
11.763000 167.815706
11.768000 167.854340
11.773000 167.892952
11.778000 167.931541
11.783000 167.970109
11.788000 168.008655
11.793000 168.047179
11.798000 168.085680
11.803000 168.124160
11.808000 168.162618
11.813000 168.201053
11.818000 168.239467
11.823000 168.277859
11.828000 168.316228
11.833000 168.354576
11.838000 168.392902
11.843000 168.431206
11.848000 168.469487
11.853000 168.507747
11.858000 168.545985
11.863000 168.584201
11.868000 168.622395
11.873000 168.660567
11.878000 168.698717
11.883000 168.736845
11.888000 168.774951
11.893000 168.813035
11.898000 168.851097
11.903000 168.889137
11.908000 168.927156
11.913000 168.965152
11.918000 169.003127
11.923000 169.041079
11.928000 169.079010
11.933000 169.116918
11.938000 169.154805
11.943000 169.192670
11.948000 169.230513
11.953000 169.268334
11.958000 169.306133
11.963000 169.343910
11.968000 169.381665
11.973000 169.419398
11.978000 169.457110
11.983000 169.494799
11.988000 169.532467
11.993000 169.570113
11.998000 169.607736
12.003000 169.645338
12.008000 169.682918
12.013000 169.720476
12.018000 169.758013
12.023000 169.795527
12.028000 169.833020
12.033000 169.870490
12.038000 169.907939
12.043000 169.945366
12.048000 169.982771
12.053000 170.020154
12.058000 170.057516
12.063000 170.094855
12.068000 170.132173
12.073000 170.169469
12.078000 170.206743
12.083000 170.243995
12.088000 170.281225
12.093000 170.318433
12.098000 170.355620
12.103000 170.392785
12.108000 170.429927
12.113000 170.467049
12.118000 170.504148
12.123000 170.541225
12.128000 170.578281
12.133000 170.615315
12.138000 170.652327
12.143000 170.689317
12.148000 170.726285
12.153000 170.763232
12.158000 170.800156
12.163000 170.837059
12.168000 170.873940
12.173000 170.910800
12.178000 170.947637
12.183000 170.984453
12.188000 171.021247
12.193000 171.058019
12.198000 171.094770
12.203000 171.131498
12.208000 171.168205
12.213000 171.204890
12.218000 171.241554
12.223000 171.278195
12.228000 171.314815
12.233000 171.351413
12.238000 171.387989
12.243000 171.424544
12.248000 171.461076
12.253000 171.497587
12.258000 171.534077
12.263000 171.570544
12.268000 171.606990
12.273000 171.643414
12.278000 171.679816
12.283000 171.716197
12.288000 171.752555
12.293000 171.788892
12.298000 171.825208
12.303000 171.861501
12.308000 171.897773
12.313000 171.937935
12.318000 171.978377
12.323000 172.018800
12.328000 172.059205
12.333000 172.099591
12.338000 172.139958
12.343000 172.180306
12.348000 172.220636
12.353000 172.260947
12.358000 172.301239
12.363000 172.341513
12.368000 172.381768
12.373000 172.422004
12.378000 172.462221
12.383000 172.502420
12.388000 172.542600
12.393000 172.582762
12.398000 172.622904
12.403000 172.663028
12.408000 172.703134
12.413000 172.743220
12.418000 172.783288
12.423000 172.823338
12.428000 172.863368
12.433000 172.903381
12.438000 172.943374
12.443000 172.983349
12.448000 173.023305
12.453000 173.063242
12.458000 173.103161
12.463000 173.143061
12.468000 173.182942
12.473000 173.222805
12.478000 173.262649
12.483000 173.302475
12.488000 173.342281
12.493000 173.382070
12.498000 173.421839
12.503000 173.461590
12.508000 173.501323
12.513000 173.541036
12.518000 173.580731
12.523000 173.620408
12.528000 173.660066
12.533000 173.699705
12.538000 173.739325
12.543000 173.778927
12.548000 173.818511
12.553000 173.858075
12.558000 173.897621
12.563000 173.937149
12.568000 173.976658
12.573000 174.016148
12.578000 174.055620
12.583000 174.095073
12.588000 174.134508
12.593000 174.173923
12.598000 174.213321
12.603000 174.252700
12.608000 174.292060
12.613000 174.331401
12.618000 174.370724
12.623000 174.410029
12.628000 174.449315
12.633000 174.488582
12.638000 174.527831
12.643000 174.567061
12.648000 174.606272
12.653000 174.645465
12.658000 174.684640
12.663000 174.723796
12.668000 174.762933
12.673000 174.802052
12.678000 174.841152
12.683000 174.880234
12.688000 174.919297
12.693000 174.958341
12.698000 174.997367
12.703000 175.036375
12.708000 175.075364
12.713000 175.114334
12.718000 175.153286
12.723000 175.192219
12.728000 175.231134
12.733000 175.270030
12.738000 175.308908
12.743000 175.347767
12.748000 175.386608
12.753000 175.425430
12.758000 175.464234
12.763000 175.503019
12.768000 175.541786
12.773000 175.580534
12.778000 175.619263
12.783000 175.657974
12.788000 175.696667
12.793000 175.735341
12.798000 175.773997
12.803000 175.812634
12.808000 175.851252
12.813000 175.889853
12.818000 175.928434
12.823000 175.966997
12.828000 176.005542
12.833000 176.044068
12.838000 176.082576
12.843000 176.121065
12.848000 176.159536
12.853000 176.197988
12.858000 176.236422
12.863000 176.274837
12.868000 176.313234
12.873000 176.351612
12.878000 176.389972
12.883000 176.428314
12.888000 176.466637
12.893000 176.504941
12.898000 176.543227
12.903000 176.581495
12.908000 176.619744
12.913000 176.657975
12.918000 176.696187
12.923000 176.734381
12.928000 176.772556
12.933000 176.810713
12.938000 176.848852
12.943000 176.886972
12.948000 176.925074
12.953000 176.963157
12.958000 177.001222
12.963000 177.039268
12.968000 177.077296
12.973000 177.115305
12.978000 177.153297
12.983000 177.191269
12.988000 177.229223
12.993000 177.267159
12.998000 177.305077
13.003000 177.342976
13.008000 177.380856
13.013000 177.418719
13.018000 177.456562
13.023000 177.494388
13.028000 177.532195
13.033000 177.569983
13.038000 177.607754
13.043000 177.645505
13.048000 177.683239
13.053000 177.720954
13.058000 177.758651
13.063000 177.796329
13.068000 177.833989
13.073000 177.871630
13.078000 177.909254
13.083000 177.946858
13.088000 177.984445
13.093000 178.022013
13.098000 178.059562
13.103000 178.097094
13.108000 178.134607
13.113000 178.172101
13.118000 178.209577
13.123000 178.247035
13.128000 178.284475
13.133000 178.321896
13.138000 178.359299
13.143000 178.396683
13.148000 178.434049
13.153000 178.471397
13.158000 178.508726
13.163000 178.546037
13.168000 178.583330
13.173000 178.620605
13.178000 178.657861
13.183000 178.695098
13.188000 178.732318
13.193000 178.769519
13.198000 178.806702
13.203000 178.843866
13.208000 178.881012
13.213000 178.918140
13.218000 178.955249
13.223000 178.992341
13.228000 179.029413
13.233000 179.066468
13.238000 179.103504
13.243000 179.140522
13.248000 179.177522
13.253000 179.214503
13.258000 179.251466
13.263000 179.288411
13.268000 179.325337
13.273000 179.362245
13.278000 179.399135
13.283000 179.436007
13.288000 179.472860
13.293000 179.509695
13.298000 179.546512
13.303000 179.583310
13.308000 179.620090
13.313000 179.656852
13.318000 179.693596
13.323000 179.730321
13.328000 179.767028
13.333000 179.803717
13.338000 179.840387
13.343000 179.877039
13.348000 179.913673
13.353000 179.950289
13.358000 179.986887
13.363000 180.023466
13.368000 180.060027
13.373000 180.096569
13.378000 180.133094
13.383000 180.169600
13.388000 180.206088
13.393000 180.242558
13.398000 180.279009
13.403000 180.315442
13.408000 180.351857
13.413000 180.388254
13.418000 180.424633
13.423000 180.460993
13.428000 180.497335
13.433000 180.533659
13.438000 180.569964
13.443000 180.606252
13.448000 180.642521
13.453000 180.678772
13.458000 180.715005
13.463000 180.751219
13.468000 180.787415
13.473000 180.823594
13.478000 180.859753
13.483000 180.895895
13.488000 180.932019
13.493000 180.968124
13.498000 181.004211
13.503000 181.040280
13.508000 181.076331
13.513000 181.112363
13.518000 181.148377
13.523000 181.184373
13.528000 181.220351
13.533000 181.256311
13.538000 181.292253
13.543000 181.328176
13.548000 181.364081
13.553000 181.399968
13.558000 181.435837
13.563000 181.471688
13.568000 181.507520
13.573000 181.543334
13.578000 181.579131
13.583000 181.614909
13.588000 181.650668
13.593000 181.686410
13.598000 181.722134
13.603000 181.757839
13.608000 181.793526
13.613000 181.829195
13.618000 181.864846
13.623000 181.900479
13.628000 181.936093
13.633000 181.971690
13.638000 182.007268
13.643000 182.042828
13.648000 182.078370
13.653000 182.113894
13.658000 182.149400
13.663000 182.184888
13.668000 182.220357
13.673000 182.255808
13.678000 182.291242
13.683000 182.326657
13.688000 182.362054
13.693000 182.397433
13.698000 182.432793
13.703000 182.468136
13.708000 182.503461
13.713000 182.538767
13.718000 182.574055
13.723000 182.609325
13.728000 182.644578
13.733000 182.679811
13.738000 182.715027
13.743000 182.750225
13.748000 182.785405
13.753000 182.820566
13.758000 182.855710
13.763000 182.890835
13.768000 182.925943
13.773000 182.961032
13.778000 182.996103
13.783000 183.031156
13.788000 183.066191
13.793000 183.101208
13.798000 183.136206
13.803000 183.171187
13.808000 183.206150
13.813000 183.241094
13.818000 183.276021
13.823000 183.310929
13.828000 183.345820
13.833000 183.380692
13.838000 183.415546
13.843000 183.450382
13.848000 183.485200
13.853000 183.520001
13.858000 183.554783
13.863000 183.589546
13.868000 183.624292
13.873000 183.659020
13.878000 183.693730
13.883000 183.728422
13.888000 183.763095
13.893000 183.797751
13.898000 183.832389
13.903000 183.867008
13.908000 183.901610
13.913000 183.936193
13.918000 183.970759
13.923000 184.005306
13.928000 184.039836
13.933000 184.074347
13.938000 184.108841
13.943000 184.143316
13.948000 184.177773
13.953000 184.212213
13.958000 184.246634
13.963000 184.281037
13.968000 184.315423
13.973000 184.349790
13.978000 184.384139
13.983000 184.418470
13.988000 184.452784
13.993000 184.487363
13.998000 184.525705
14.003000 184.564032
14.008000 184.602343
14.013000 184.640640
14.018000 184.678920
14.023000 184.717185
14.028000 184.755435
14.033000 184.793669
14.038000 184.831888
14.043000 184.870092
14.048000 184.908280
14.053000 184.946452
14.058000 184.984609
14.063000 185.022751
14.068000 185.060877
14.073000 185.098988
14.078000 185.137084
14.083000 185.175164
14.088000 185.213228
14.093000 185.251277
14.098000 185.289311
14.103000 185.327329
14.108000 185.365332
14.113000 185.403320
14.118000 185.441292
14.123000 185.479248
14.128000 185.517190
14.133000 185.555115
14.138000 185.593026
14.143000 185.630921
14.148000 185.668800
14.153000 185.706665
14.158000 185.744513
14.163000 185.782347
14.168000 185.820165
14.173000 185.857968
14.178000 185.895755
14.183000 185.933527
14.188000 185.971283
14.193000 186.009024
14.198000 186.046750
14.203000 186.084460
14.208000 186.122155
14.213000 186.159834
14.218000 186.197499
14.223000 186.235147
14.228000 186.272781
14.233000 186.310399
14.238000 186.348001
14.243000 186.385589
14.248000 186.423161
14.253000 186.460717
14.258000 186.498258
14.263000 186.535784
14.268000 186.573295
14.273000 186.610790
14.278000 186.648269
14.283000 186.685734
14.288000 186.723183
14.293000 186.760617
14.298000 186.798035
14.303000 186.835438
14.308000 186.872825
14.313000 186.910198
14.318000 186.947555
14.323000 186.984896
14.328000 187.022222
14.333000 187.059533
14.338000 187.096829
14.343000 187.134109
14.348000 187.171374
14.353000 187.208623
14.358000 187.245858
14.363000 187.283077
14.368000 187.320280
14.373000 187.357468
14.378000 187.394641
14.383000 187.431799
14.388000 187.468941
14.393000 187.506068
14.398000 187.543180
14.403000 187.580276
14.408000 187.617357
14.413000 187.654423
14.418000 187.691473
14.423000 187.728508
14.428000 187.765528
14.433000 187.802532
14.438000 187.839521
14.443000 187.876495
14.448000 187.913453
14.453000 187.950397
14.458000 187.987325
14.463000 188.024237
14.468000 188.061135
14.473000 188.098017
14.478000 188.134883
14.483000 188.171735
14.488000 188.208571
14.493000 188.245392
14.498000 188.282197
14.503000 188.318988
14.508000 188.355763
14.513000 188.392522
14.518000 188.429267
14.523000 188.465996
14.528000 188.502710
14.533000 188.539408
14.538000 188.576092
14.543000 188.612760
14.548000 188.649413
14.553000 188.686050
14.558000 188.722672
14.563000 188.759279
14.568000 188.795871
14.573000 188.832448
14.578000 188.869009
14.583000 188.905555
14.588000 188.942085
14.593000 188.978601
14.598000 189.015101
14.603000 189.051586
14.608000 189.088056
14.613000 189.124510
14.618000 189.160949
14.623000 189.197373
14.628000 189.233782
14.633000 189.270175
14.638000 189.306554
14.643000 189.342917
14.648000 189.379264
14.653000 189.415597
14.658000 189.451914
14.663000 189.488216
14.668000 189.524503
14.673000 189.560775
14.678000 189.597031
14.683000 189.633272
14.688000 189.669498
14.693000 189.705709
14.698000 189.741904
14.703000 189.778084
14.708000 189.814249
14.713000 189.850399
14.718000 189.886534
14.723000 189.922653
14.728000 189.958757
14.733000 189.994846
14.738000 190.030920
14.743000 190.066978
14.748000 190.103022
14.753000 190.139050
14.758000 190.175063
14.763000 190.211060
14.768000 190.247043
14.773000 190.283010
14.778000 190.318962
14.783000 190.354899
14.788000 190.390821
14.793000 190.426727
14.798000 190.462619
14.803000 190.498495
14.808000 190.534356
14.813000 190.570202
14.818000 190.606032
14.823000 190.641848
14.828000 190.677648
14.833000 190.713433
14.838000 190.749203
14.843000 190.784957
14.848000 190.820697
14.853000 190.856421
14.858000 190.892131
14.863000 190.927825
14.868000 190.963503
14.873000 190.999167
14.878000 191.034816
14.883000 191.070449
14.888000 191.106067
14.893000 191.141670
14.898000 191.177258
14.903000 191.212831
14.908000 191.248388
14.913000 191.283931
14.918000 191.319458
14.923000 191.354970
14.928000 191.390467
14.933000 191.425949
14.938000 191.461415
14.943000 191.496867
14.948000 191.532303
14.953000 191.567725
14.958000 191.603131
14.963000 191.638522
14.968000 191.673897
14.973000 191.709258
14.978000 191.744604
14.983000 191.779934
14.988000 191.815249
14.993000 191.850549
14.998000 191.885835
15.003000 191.921104
15.008000 191.956359
15.013000 191.991599
15.018000 192.026823
15.023000 192.062033
15.028000 192.097227
15.033000 192.132406
15.038000 192.167570
15.043000 192.202719
15.048000 192.237853
15.053000 192.272972
15.058000 192.308075
15.063000 192.343164
15.068000 192.378237
15.073000 192.413296
15.078000 192.448339
15.083000 192.483367
15.088000 192.518380
15.093000 192.553378
15.098000 192.588361
15.103000 192.623328
15.108000 192.658281
15.113000 192.693218
15.118000 192.728141
15.123000 192.763048
15.128000 192.797940
15.133000 192.832818
15.138000 192.867680
15.143000 192.902527
15.148000 192.937359
15.153000 192.972175
15.158000 193.006977
15.163000 193.041764
15.168000 193.076535
15.173000 193.111292
15.178000 193.146033
15.183000 193.180760
15.188000 193.215471
15.193000 193.250167
15.198000 193.284849
15.203000 193.319515
15.208000 193.354166
15.213000 193.388802
15.218000 193.423423
15.223000 193.458028
15.228000 193.492619
15.233000 193.527195
15.238000 193.561756
15.243000 193.596301
15.248000 193.630832
15.253000 193.665348
15.258000 193.699848
15.263000 193.734334
15.268000 193.768804
15.273000 193.803259
15.278000 193.837700
15.283000 193.872125
15.288000 193.906535
15.293000 193.940930
15.298000 193.975311
15.303000 194.009676
15.308000 194.044026
15.313000 194.078361
15.318000 194.112681
15.323000 194.146986
15.328000 194.181276
15.333000 194.215551
15.338000 194.249811
15.343000 194.284056
15.348000 194.318286
15.353000 194.352500
15.358000 194.386700
15.363000 194.420885
15.368000 194.455055
15.373000 194.489210
15.378000 194.523350
15.383000 194.557474
15.388000 194.591584
15.393000 194.625679
15.398000 194.659759
15.403000 194.693823
15.408000 194.727873
15.413000 194.761908
15.418000 194.795928
15.423000 194.829932
15.428000 194.863922
15.433000 194.897897
15.438000 194.931857
15.443000 194.965801
15.448000 194.999731
15.453000 195.033646
15.458000 195.067546
15.463000 195.101431
15.468000 195.135300
15.473000 195.169155
15.478000 195.202995
15.483000 195.236820
15.488000 195.270630
15.493000 195.304425
15.498000 195.338205
15.503000 195.371970
15.508000 195.405720
15.513000 195.439455
15.518000 195.473175
15.523000 195.506880
15.528000 195.540570
15.533000 195.574245
15.538000 195.607905
15.543000 195.641551
15.548000 195.675181
15.553000 195.708796
15.558000 195.742396
15.563000 195.775982
15.568000 195.809552
15.573000 195.843108
15.578000 195.876648
15.583000 195.910174
15.588000 195.943684
15.593000 195.977180
15.598000 196.010661
15.603000 196.044127
15.608000 196.077577
15.613000 196.111013
15.618000 196.144434
15.623000 196.177840
15.628000 196.211231
15.633000 196.244607
15.638000 196.277969
15.643000 196.311315
15.648000 196.344646
15.653000 196.377963
15.658000 196.411264
15.663000 196.444551
15.668000 196.477822
15.673000 196.511079
15.678000 196.544321
15.683000 196.577547
15.688000 196.610759
15.693000 196.643956
15.698000 196.677138
15.703000 196.710305
15.708000 196.743458
15.713000 196.776595
15.718000 196.809717
15.723000 196.842825
15.728000 196.875918
15.733000 196.908995
15.738000 196.942058
15.743000 196.975106
15.748000 197.008139
15.753000 197.041157
15.758000 197.074160
15.763000 197.107148
15.768000 197.140122
15.773000 197.173080
15.778000 197.206024
15.783000 197.238952
15.788000 197.271866
15.793000 197.304765
15.798000 197.337649
15.803000 197.370518
15.808000 197.403372
15.813000 197.436212
15.818000 197.469036
15.823000 197.501846
15.828000 197.534640
15.833000 197.567420
15.838000 197.600185
15.843000 197.632935
15.848000 197.665670
15.853000 197.698391
15.858000 197.731096
15.863000 197.763787
15.868000 197.796462
15.873000 197.829123
15.878000 197.861769
15.883000 197.894400
15.888000 197.927016
15.893000 197.959618
15.898000 197.992204
15.903000 198.026879
15.908000 198.063070
15.913000 198.099248
15.918000 198.135413
15.923000 198.171565
15.928000 198.207704
15.933000 198.243831
15.938000 198.279944
15.943000 198.316045
15.948000 198.352133
15.953000 198.388208
15.958000 198.424271
15.963000 198.460320
15.968000 198.496357
15.973000 198.532381
15.978000 198.568391
15.983000 198.604390
15.988000 198.640375
15.993000 198.676347
15.998000 198.712307
16.003000 198.748254
16.008000 198.784188
16.013000 198.820109
16.018000 198.856017
16.023000 198.891912
16.028000 198.927795
16.033000 198.963665
16.038000 198.999522
16.043000 199.035366
16.048000 199.071197
16.053000 199.107016
16.058000 199.142821
16.063000 199.178614
16.068000 199.214394
16.073000 199.250162
16.078000 199.285916
16.083000 199.321658
16.088000 199.357386
16.093000 199.393102
16.098000 199.428806
16.103000 199.464496
16.108000 199.500174
16.113000 199.535838
16.118000 199.571490
16.123000 199.607129
16.128000 199.642756
16.133000 199.678369
16.138000 199.713970
16.143000 199.749558
16.148000 199.785133
16.153000 199.820696
16.158000 199.856245
16.163000 199.891782
16.168000 199.927306
16.173000 199.962817
16.178000 199.998316
16.183000 200.033801
16.188000 200.069274
16.193000 200.104734
16.198000 200.140181
16.203000 200.175616
16.208000 200.211038
16.213000 200.246447
16.218000 200.281843
16.223000 200.317226
16.228000 200.352597
16.233000 200.387955
16.238000 200.423300
16.243000 200.458632
16.248000 200.493951
16.253000 200.529258
16.258000 200.564552
16.263000 200.599833
16.268000 200.635102
16.273000 200.670357
16.278000 200.705600
16.283000 200.740830
16.288000 200.776048
16.293000 200.811252
16.298000 200.846444
16.303000 200.881623
16.308000 200.916790
16.313000 200.951943
16.318000 200.987084
16.323000 201.022212
16.328000 201.057328
16.333000 201.092430
16.338000 201.127520
16.343000 201.162597
16.348000 201.197661
16.353000 201.232713
16.358000 201.267752
16.363000 201.302778
16.368000 201.337791
16.373000 201.372792
16.378000 201.407780
16.383000 201.442755
16.388000 201.477717
16.393000 201.512667
16.398000 201.547604
16.403000 201.582528
16.408000 201.617439
16.413000 201.652338
16.418000 201.687224
16.423000 201.722097
16.428000 201.756958
16.433000 201.791806
16.438000 201.826641
16.443000 201.861463
16.448000 201.896273
16.453000 201.931070
16.458000 201.965854
16.463000 202.000625
16.468000 202.035384
16.473000 202.070130
16.478000 202.104864
16.483000 202.139584
16.488000 202.174292
16.493000 202.208987
16.498000 202.243670
16.503000 202.278339
16.508000 202.312997
16.513000 202.347641
16.518000 202.382273
16.523000 202.416891
16.528000 202.451498
16.533000 202.486091
16.538000 202.520672
16.543000 202.555240
16.548000 202.589796
16.553000 202.624338
16.558000 202.658868
16.563000 202.693386
16.568000 202.727890
16.573000 202.762382
16.578000 202.796861
16.583000 202.831328
16.588000 202.865782
16.593000 202.900223
16.598000 202.934652
16.603000 202.969067
16.608000 203.003471
16.613000 203.037861
16.618000 203.072239
16.623000 203.106604
16.628000 203.140956
16.633000 203.175296
16.638000 203.209623
16.643000 203.243937
16.648000 203.278239
16.653000 203.312528
16.658000 203.346804
16.663000 203.381068
16.668000 203.415319
16.673000 203.449557
16.678000 203.483783
16.683000 203.517996
16.688000 203.552196
16.693000 203.586384
16.698000 203.620559
16.703000 203.654721
16.708000 203.688871
16.713000 203.723008
16.718000 203.757132
16.723000 203.791244
16.728000 203.825343
16.733000 203.859429
16.738000 203.893503
16.743000 203.927564
16.748000 203.961613
16.753000 203.995648
16.758000 204.029671
16.763000 204.063682
16.768000 204.097680
16.773000 204.131665
16.778000 204.165637
16.783000 204.199597
16.788000 204.233545
16.793000 204.267479
16.798000 204.301401
16.803000 204.335310
16.808000 204.369207
16.813000 204.403091
16.818000 204.436963
16.823000 204.470821
16.828000 204.504667
16.833000 204.538501
16.838000 204.572322
16.843000 204.606130
16.848000 204.639926
16.853000 204.673709
16.858000 204.707479
16.863000 204.741237
16.868000 204.774982
16.873000 204.808714
16.878000 204.842434
16.883000 204.876141
16.888000 204.909836
16.893000 204.943518
16.898000 204.977187
16.903000 205.010844
16.908000 205.044488
16.913000 205.078120
16.918000 205.111739
16.923000 205.145345
16.928000 205.178939
16.933000 205.212520
16.938000 205.246088
16.943000 205.279644
16.948000 205.313188
16.953000 205.346718
16.958000 205.380236
16.963000 205.413742
16.968000 205.447235
16.973000 205.480715
16.978000 205.514182
16.983000 205.547638
16.988000 205.581080
16.993000 205.614510
16.998000 205.647927
17.003000 205.681332
17.008000 205.714724
17.013000 205.748103
17.018000 205.781470
17.023000 205.814825
17.028000 205.848166
17.033000 205.881495
17.038000 205.914812
17.043000 205.948116
17.048000 205.981407
17.053000 206.014686
17.058000 206.047952
17.063000 206.081206
17.068000 206.114447
17.073000 206.147676
17.078000 206.180891
17.083000 206.214095
17.088000 206.247286
17.093000 206.280464
17.098000 206.313629
17.103000 206.346782
17.108000 206.379923
17.113000 206.413051
17.118000 206.446166
17.123000 206.479269
17.128000 206.512359
17.133000 206.545437
17.138000 206.578502
17.143000 206.611554
17.148000 206.644594
17.153000 206.677622
17.158000 206.710636
17.163000 206.743639
17.168000 206.776628
17.173000 206.809606
17.178000 206.842570
17.183000 206.875522
17.188000 206.908462
17.193000 206.941389
17.198000 206.974303
17.203000 207.007205
17.208000 207.040094
17.213000 207.072971
17.218000 207.105835
17.223000 207.138687
17.228000 207.171526
17.233000 207.204353
17.238000 207.237167
17.243000 207.269968
17.248000 207.302757
17.253000 207.335533
17.258000 207.368297
17.263000 207.401049
17.268000 207.433787
17.273000 207.466514
17.278000 207.499228
17.283000 207.531929
17.288000 207.564617
17.293000 207.597294
17.298000 207.629957
17.303000 207.662608
17.308000 207.695247
17.313000 207.727873
17.318000 207.760487
17.323000 207.793088
17.328000 207.825676
17.333000 207.858252
17.338000 207.890815
17.343000 207.923366
17.348000 207.955905
17.353000 207.988431
17.358000 208.020944
17.363000 208.053445
17.368000 208.085933
17.373000 208.118409
17.378000 208.150873
