0.003000 0.000000
0.008000 0.000000
0.013000 0.000000
0.018000 0.000000
0.023000 0.000000
0.028000 0.000000
0.033000 0.000000
0.038000 0.000000
0.043000 0.000000
0.048000 0.000000
0.053000 13.020571
0.058000 13.156168
0.063000 13.305797
0.068000 13.424594
0.073000 13.611617
0.078000 13.755620
0.083000 13.976742
0.088000 14.186986
0.093000 14.369030
0.098000 14.648683
0.103000 14.928871
0.108000 15.191834
0.113000 15.438446
0.118000 15.669501
0.123000 15.953105
0.128000 16.252772
0.133000 16.542632
0.138000 16.823101
0.143000 17.094563
0.148000 17.357369
0.153000 17.611848
0.158000 17.858301
0.163000 18.097012
0.168000 18.328244
0.173000 18.552243
0.178000 18.772808
0.183000 18.988072
0.188000 19.196894
0.193000 19.399464
0.198000 19.595960
0.203000 19.786550
0.208000 19.971394
0.213000 20.150644
0.218000 20.324444
0.223000 20.492931
0.228000 20.656235
0.233000 20.807910
0.238000 20.921320
0.243000 21.029120
0.248000 21.131440
0.253000 21.228403
0.258000 21.320130
0.263000 21.406735
0.268000 21.486756
0.273000 21.525068
0.278000 21.558012
0.283000 21.585706
0.288000 21.608265
0.293000 21.615230
0.298000 21.594416
0.303000 21.568412
0.308000 21.537337
0.313000 21.501305
0.318000 21.433917
0.323000 21.359244
0.328000 21.279705
0.333000 21.195417
0.338000 21.106958
0.343000 21.014051
0.348000 20.918041
0.353000 20.830551
0.358000 20.738948
0.363000 20.655776
0.368000 20.569218
0.373000 20.478901
0.378000 20.401706
0.383000 20.336631
0.388000 20.268230
0.393000 20.196572
0.398000 20.121723
0.403000 20.054916
0.408000 20.005662
0.413000 19.953594
0.418000 19.898763
0.423000 19.841221
0.428000 19.781019
0.433000 19.734478
0.438000 19.694137
0.443000 19.651421
0.448000 19.606372
0.453000 19.559029
0.458000 19.509431
0.463000 19.466731
0.468000 19.441760
0.473000 19.414812
0.478000 19.385917
0.483000 19.355104
0.488000 19.322403
0.493000 19.287841
0.498000 19.257439
0.503000 19.237619
0.508000 19.216125
0.513000 19.192980
0.518000 19.168207
0.523000 19.141829
0.528000 19.113867
0.533000 19.084345
0.538000 19.065639
0.543000 19.053296
0.548000 19.039564
0.553000 19.024461
0.558000 19.008003
0.563000 18.990209
0.568000 18.971093
0.573000 18.950674
0.578000 18.931019
0.583000 18.926120
0.588000 18.920061
0.593000 18.912855
0.598000 18.904516
0.603000 18.895056
0.608000 18.884487
0.613000 18.872823
0.618000 18.860076
0.623000 18.846257
0.628000 18.839574
0.633000 18.835253
0.638000 18.829954
0.643000 18.823687
0.648000 18.816463
0.653000 18.808291
0.658000 18.799181
0.663000 18.789142
0.668000 18.778186
0.673000 18.766320
0.678000 18.759288
0.683000 18.760639
0.688000 18.761180
0.693000 18.760919
0.698000 18.759863
0.703000 18.758021
0.708000 18.755399
0.713000 18.752004
0.718000 18.747845
0.723000 18.742927
0.728000 18.737258
0.733000 18.730845
0.738000 18.732649
0.743000 18.735570
0.748000 18.737817
0.753000 18.739393
0.758000 18.740307
0.763000 18.740563
0.768000 18.740166
0.773000 18.739123
0.778000 18.737439
0.783000 18.735119
0.788000 18.732168
0.793000 18.728592
0.798000 18.725466
0.803000 18.730290
0.808000 18.734547
0.813000 18.738239
0.818000 18.741373
0.823000 18.743952
0.828000 18.745980
0.833000 18.747463
0.838000 18.748403
0.843000 18.748805
0.848000 18.748674
0.853000 18.748013
0.858000 18.746827
0.863000 18.745119
0.868000 18.743315
0.873000 18.749407
0.878000 18.755025
0.883000 18.760173
0.888000 18.764854
0.893000 18.769070
0.898000 18.772826
0.903000 18.776125
0.908000 18.778969
0.913000 18.781362
0.918000 18.783308
0.923000 18.784809
0.928000 18.785868
0.933000 18.786489
0.938000 18.786674
0.943000 18.786427
0.948000 18.787961
0.953000 18.795208
0.958000 18.802063
0.963000 18.808529
0.968000 18.814608
0.973000 18.820302
0.978000 18.825614
0.983000 18.830546
0.988000 18.835101
0.993000 18.839282
0.998000 18.843089
1.003000 18.846527
1.008000 18.849597
1.013000 18.852302
1.018000 18.854643
1.023000 18.856623
1.028000 18.858245
1.033000 18.859510
1.038000 18.864948
1.043000 18.872837
1.048000 18.880402
1.053000 18.887645
1.058000 18.894567
1.063000 18.901172
1.068000 18.907459
1.073000 18.913432
1.078000 18.919092
1.083000 18.924441
1.088000 18.929480
1.093000 18.934212
1.098000 18.938638
1.103000 18.942760
1.108000 18.946580
1.113000 18.950099
1.118000 18.953319
1.123000 18.956241
1.128000 18.958869
1.133000 18.961202
1.138000 18.966549
1.143000 18.974374
1.148000 18.981930
1.153000 18.989219
1.158000 18.996241
1.163000 19.002998
1.168000 19.009491
1.173000 19.015722
1.178000 19.021692
1.183000 19.027403
1.188000 19.032856
1.193000 19.038052
1.198000 19.042992
1.203000 19.047678
1.208000 19.052112
1.213000 19.056294
1.218000 19.060226
1.223000 19.063908
1.228000 19.067344
1.233000 19.070533
1.238000 19.073476
1.243000 19.076176
1.248000 19.078634
1.253000 19.082078
1.258000 19.090133
1.263000 19.097966
1.268000 19.105580
1.273000 19.112976
1.278000 19.120153
1.283000 19.127114
1.288000 19.133860
1.293000 19.140390
1.298000 19.146708
1.303000 19.152812
1.308000 19.158706
1.313000 19.164388
1.318000 19.169861
1.323000 19.175126
1.328000 19.180183
1.333000 19.185033
1.338000 19.189678
1.343000 19.194118
1.348000 19.198354
1.353000 19.202387
1.358000 19.206218
1.363000 19.209849
1.368000 19.213279
1.373000 19.216510
1.378000 19.219543
1.383000 19.222378
1.388000 19.225018
1.393000 19.232240
1.398000 19.239645
1.403000 19.246869
1.408000 19.253915
1.413000 19.260782
1.418000 19.267472
1.423000 19.273984
1.428000 19.280321
1.433000 19.286483
1.438000 19.292470
1.443000 19.298283
1.448000 19.303923
1.453000 19.309391
1.458000 19.314687
1.463000 19.319812
1.468000 19.324767
1.473000 19.329552
1.478000 19.334169
1.483000 19.338618
1.488000 19.342899
1.493000 19.347014
1.498000 19.350963
1.503000 19.354746
1.508000 19.358365
1.513000 19.361820
1.518000 19.365112
1.523000 19.368241
1.528000 19.371208
1.533000 19.374015
1.538000 19.376660
1.543000 19.379146
1.548000 19.381472
1.553000 19.385383
1.558000 19.392573
1.563000 19.399618
1.568000 19.406519
1.573000 19.413277
1.578000 19.419891
1.583000 19.426363
1.588000 19.432693
1.593000 19.438882
1.598000 19.444929
1.603000 19.450837
1.608000 19.456604
1.613000 19.462233
1.618000 19.467722
1.623000 19.473074
1.628000 19.478287
1.633000 19.483364
1.638000 19.488303
1.643000 19.493107
1.648000 19.497775
1.653000 19.502308
1.658000 19.506706
1.663000 19.510970
1.668000 19.515100
1.673000 19.519097
1.678000 19.522962
1.683000 19.526694
1.688000 19.530294
1.693000 19.533764
1.698000 19.537103
1.703000 19.540311
1.708000 19.543390
1.713000 19.546339
1.718000 19.549160
1.723000 19.551852
1.728000 19.554416
1.733000 19.556853
1.738000 19.559163
1.743000 19.561346
1.748000 19.563898
1.753000 19.570180
1.758000 19.576346
1.763000 19.582397
1.768000 19.588333
1.773000 19.594155
1.778000 19.599862
1.783000 19.605455
1.788000 19.610935
1.793000 19.616303
1.798000 19.621557
1.803000 19.626700
1.808000 19.631730
1.813000 19.636649
1.818000 19.641457
1.823000 19.646154
1.828000 19.650741
1.833000 19.655218
1.838000 19.659585
1.843000 19.663844
1.848000 19.667993
1.853000 19.672034
1.858000 19.675966
1.863000 19.679791
1.868000 19.683508
1.873000 19.687118
1.878000 19.690622
1.883000 19.694019
1.888000 19.697310
1.893000 19.700496
1.898000 19.703576
1.903000 19.706551
1.908000 19.709422
1.913000 19.712188
1.918000 19.714850
1.923000 19.717409
1.928000 19.719864
1.933000 19.722216
1.938000 19.724466
1.943000 19.726614
1.948000 19.728659
1.953000 19.730603
1.958000 19.732446
1.963000 19.734188
1.968000 19.735829
1.973000 19.737370
1.978000 19.738811
1.983000 19.741797
1.988000 19.747309
1.993000 19.752730
1.998000 19.758061
2.003000 19.763301
2.008000 19.768450
2.013000 19.773510
2.018000 19.778481
2.023000 19.783362
2.028000 19.788154
2.033000 19.792858
2.038000 19.797473
2.043000 19.801999
2.048000 19.806438
2.053000 19.810789
2.058000 19.815053
2.063000 19.819229
2.068000 19.823318
2.073000 19.827321
2.078000 19.831237
2.083000 19.835068
2.088000 19.838812
2.093000 19.842470
2.098000 19.846044
2.103000 19.849532
2.108000 19.852935
2.113000 19.856253
2.118000 19.859487
2.123000 19.862637
2.128000 19.865703
2.133000 19.868686
2.138000 19.871585
2.143000 19.874400
2.148000 19.877133
2.153000 19.879783
2.158000 19.882351
2.163000 19.884836
2.168000 19.887240
2.173000 19.889561
2.178000 19.891802
2.183000 19.893961
2.188000 19.896038
2.193000 19.898035
2.198000 19.899952
2.203000 19.901788
2.208000 19.903544
2.213000 19.905220
2.218000 19.906816
2.223000 19.908333
2.228000 19.909771
2.233000 19.911130
2.238000 19.912410
2.243000 19.913612
2.248000 19.914735
2.253000 19.915780
2.258000 19.917672
2.263000 19.922538
2.268000 19.927333
2.273000 19.932058
2.278000 19.936713
2.283000 19.941297
2.288000 19.945811
2.293000 19.950255
2.298000 19.954629
2.303000 19.958934
2.308000 19.963170
2.313000 19.967336
2.318000 19.971433
2.323000 19.975462
2.328000 19.979422
2.333000 19.983314
2.338000 19.987137
2.343000 19.990892
2.348000 19.994580
2.353000 19.998199
2.358000 20.001752
2.363000 20.005236
2.368000 20.008654
2.373000 20.012005
2.378000 20.015288
2.383000 20.018505
2.388000 20.021656
2.393000 20.024740
2.398000 20.027758
2.403000 20.030710
2.408000 20.033596
2.413000 20.036417
2.418000 20.039172
2.423000 20.041862
2.428000 20.044487
2.433000 20.047047
2.438000 20.049541
2.443000 20.051972
2.448000 20.054337
2.453000 20.056639
2.458000 20.058876
2.463000 20.061050
2.468000 20.063159
2.473000 20.065205
2.478000 20.067187
2.483000 20.069106
2.488000 20.070962
2.493000 20.072755
2.498000 20.074485
2.503000 20.076152
2.508000 20.077757
2.513000 20.079299
2.518000 20.080779
2.523000 20.082197
2.528000 20.083553
2.533000 20.084847
2.538000 20.086080
2.543000 20.087251
2.548000 20.088361
2.553000 20.089410
2.558000 20.090397
2.563000 20.091324
2.568000 20.092190
2.573000 20.092996
2.578000 20.095349
2.583000 20.099575
2.588000 20.103746
2.593000 20.107862
2.598000 20.111924
2.603000 20.115931
2.608000 20.119883
2.613000 20.123781
2.618000 20.127625
2.623000 20.131415
2.628000 20.135151
2.633000 20.138834
2.638000 20.142462
2.643000 20.146037
2.648000 20.149559
2.653000 20.153027
2.658000 20.156442
2.663000 20.159804
2.668000 20.163113
2.673000 20.166369
2.678000 20.169573
2.683000 20.172723
2.688000 20.175822
2.693000 20.178868
2.698000 20.181862
2.703000 20.184803
2.708000 20.187693
2.713000 20.190531
2.718000 20.193317
2.723000 20.196051
2.728000 20.198734
2.733000 20.201366
2.738000 20.203946
2.743000 20.206475
2.748000 20.208953
2.753000 20.211380
2.758000 20.213756
2.763000 20.216082
2.768000 20.218357
2.773000 20.220581
2.778000 20.222755
2.783000 20.224879
2.788000 20.226953
2.793000 20.228976
2.798000 20.230950
2.803000 20.232874
2.808000 20.234748
2.813000 20.236572
2.818000 20.238347
2.823000 20.240073
2.828000 20.241750
2.833000 20.243377
2.838000 20.244955
2.843000 20.246484
2.848000 20.247965
2.853000 20.249397
2.858000 20.250780
2.863000 20.252114
2.868000 20.253401
2.873000 20.254639
2.878000 20.255828
2.883000 20.256970
2.888000 20.258064
2.893000 20.259110
2.898000 20.260108
2.903000 20.261058
2.908000 20.261961
2.913000 20.262817
2.918000 20.263625
2.923000 20.264386
2.928000 20.265099
2.933000 20.265766
2.938000 20.266386
2.943000 20.268590
2.948000 20.272206
2.953000 20.275778
2.958000 20.279308
2.963000 20.282795
2.968000 20.286240
2.973000 20.289643
2.978000 20.293003
2.983000 20.296321
2.988000 20.299597
2.993000 20.302831
2.998000 20.306023
3.003000 20.309173
3.008000 20.312281
3.013000 20.315348
3.018000 20.318373
3.023000 20.321357
3.028000 20.324299
3.033000 20.327200
3.038000 20.330060
3.043000 20.332878
3.048000 20.335656
3.053000 20.338392
3.058000 20.341088
3.063000 20.343742
3.068000 20.346356
3.073000 20.348929
3.078000 20.351462
3.083000 20.353954
3.088000 20.356406
3.093000 20.358817
3.098000 20.361188
3.103000 20.363519
3.108000 20.365809
3.113000 20.368060
3.118000 20.370271
3.123000 20.372442
3.128000 20.374573
3.133000 20.376664
3.138000 20.378716
3.143000 20.380728
3.148000 20.382701
3.153000 20.384634
3.158000 20.386528
3.163000 20.388383
3.168000 20.390198
3.173000 20.391975
3.178000 20.393712
3.183000 20.395411
3.188000 20.397071
3.193000 20.398691
3.198000 20.400274
3.203000 20.401817
3.208000 20.403322
3.213000 20.404789
3.218000 20.406217
3.223000 20.407606
3.228000 20.408958
3.233000 20.410271
3.238000 20.411546
3.243000 20.412784
3.248000 20.413983
3.253000 20.415144
3.258000 20.416268
3.263000 20.417354
3.268000 20.418402
3.273000 20.419412
3.278000 20.420385
3.283000 20.421321
3.288000 20.422219
3.293000 20.423080
3.298000 20.423904
3.303000 20.424690
3.308000 20.425439
3.313000 20.426152
3.318000 20.426827
3.323000 20.427466
3.328000 20.428068
3.333000 20.428633
3.338000 20.429161
3.343000 20.429653
3.348000 20.430108
3.353000 20.430527
3.358000 20.430910
3.363000 20.433854
3.368000 20.436845
3.373000 20.439802
3.378000 20.442726
3.383000 20.445618
3.388000 20.448476
3.393000 20.451301
3.398000 20.454094
3.403000 20.456853
3.408000 20.459580
3.413000 20.462274
3.418000 20.464935
3.423000 20.467564
3.428000 20.470160
3.433000 20.472724
3.438000 20.475255
3.443000 20.477754
3.448000 20.480220
3.453000 20.482654
3.458000 20.485056
3.463000 20.487426
3.468000 20.489764
3.473000 20.492069
3.478000 20.494343
3.483000 20.496585
3.488000 20.498794
3.493000 20.500972
3.498000 20.503119
3.503000 20.505233
3.508000 20.507316
3.513000 20.509367
3.518000 20.511387
3.523000 20.513375
3.528000 20.515332
3.533000 20.517258
3.538000 20.519152
3.543000 20.521015
3.548000 20.522847
3.553000 20.524647
3.558000 20.526416
3.563000 20.528155
3.568000 20.529862
3.573000 20.531539
3.578000 20.533184
3.583000 20.534799
3.588000 20.536383
3.593000 20.537936
3.598000 20.539459
3.603000 20.540951
3.608000 20.542412
3.613000 20.543843
3.618000 20.545243
3.623000 20.546613
3.628000 20.547953
3.633000 20.549262
3.638000 20.550541
3.643000 20.551790
3.648000 20.553009
3.653000 20.554198
3.658000 20.555356
3.663000 20.556485
3.668000 20.557584
3.673000 20.558653
3.678000 20.559692
3.683000 20.560701
3.688000 20.561680
3.693000 20.562630
3.698000 20.563550
3.703000 20.564441
3.708000 20.565302
3.713000 20.566134
3.718000 20.566936
3.723000 20.567709
3.728000 20.568452
3.733000 20.569166
3.738000 20.569851
3.743000 20.570507
3.748000 20.571134
3.753000 20.571732
3.758000 20.572300
3.763000 20.572840
3.768000 20.573351
3.773000 20.573832
3.778000 20.574285
3.783000 20.574710
3.788000 20.575105
3.793000 20.575472
3.798000 20.575810
3.803000 20.576120
3.808000 20.576401
3.813000 20.576653
3.818000 20.576877
3.823000 20.577073
3.828000 20.577240
3.833000 20.577379
3.838000 20.579393
3.843000 20.582137
3.848000 20.584855
3.853000 20.587548
3.858000 20.590215
3.863000 20.592857
3.868000 20.595473
3.873000 20.598064
3.878000 20.600630
3.883000 20.603170
3.888000 20.605685
3.893000 20.608175
3.898000 20.610640
3.903000 20.613079
3.908000 20.615494
3.913000 20.617883
3.918000 20.620247
3.923000 20.622587
3.928000 20.624901
3.933000 20.627191
3.938000 20.629455
3.943000 20.631695
3.948000 20.633910
3.953000 20.636100
3.958000 20.638266
3.963000 20.640406
3.968000 20.642523
3.973000 20.644614
3.978000 20.646681
3.983000 20.648724
3.988000 20.650742
3.993000 20.652735
3.998000 20.654704
4.003000 20.656649
4.008000 20.658570
4.013000 20.660466
4.018000 20.662338
4.023000 20.664185
4.028000 20.666009
4.033000 20.667808
4.038000 20.669583
4.043000 20.671334
4.048000 20.673061
4.053000 20.674764
4.058000 20.676443
4.063000 20.678098
4.068000 20.679730
4.073000 20.681337
4.078000 20.682921
4.083000 20.684480
4.088000 20.686016
4.093000 20.687529
4.098000 20.689017
4.103000 20.690482
4.108000 20.691924
4.113000 20.693342
4.118000 20.694736
4.123000 20.696107
4.128000 20.697454
4.133000 20.698778
4.138000 20.700078
4.143000 20.701355
4.148000 20.702609
4.153000 20.703840
4.158000 20.705047
4.163000 20.706231
4.168000 20.707392
4.173000 20.708530
4.178000 20.709644
4.183000 20.710736
4.188000 20.711804
4.193000 20.712850
4.198000 20.713872
4.203000 20.714872
4.208000 20.715849
4.213000 20.716803
4.218000 20.717734
4.223000 20.718642
4.228000 20.719527
4.233000 20.720390
4.238000 20.721230
4.243000 20.722047
4.248000 20.722842
4.253000 20.723614
4.258000 20.724363
4.263000 20.725090
4.268000 20.725795
4.273000 20.726477
4.278000 20.727137
4.283000 20.727774
4.288000 20.728389
4.293000 20.728981
4.298000 20.729552
4.303000 20.730099
4.308000 20.730625
4.313000 20.731129
4.318000 20.731610
4.323000 20.732069
4.328000 20.732507
4.333000 20.732922
4.338000 20.733315
4.343000 20.733686
4.348000 20.734035
4.353000 20.734362
4.358000 20.734667
4.363000 20.734951
4.368000 20.735212
4.373000 20.735452
4.378000 20.736396
4.383000 20.738642
4.388000 20.740867
4.393000 20.743073
4.398000 20.745259
4.403000 20.747426
4.408000 20.749572
4.413000 20.751698
4.418000 20.753805
4.423000 20.755892
4.428000 20.757959
4.433000 20.760006
4.438000 20.762034
4.443000 20.764042
4.448000 20.766030
4.453000 20.767999
4.458000 20.769948
4.463000 20.771878
4.468000 20.773788
4.473000 20.775678
4.478000 20.777549
4.483000 20.779401
4.488000 20.781233
4.493000 20.783046
4.498000 20.784839
4.503000 20.786613
4.508000 20.788368
4.513000 20.790103
4.518000 20.791819
4.523000 20.793516
4.528000 20.795194
4.533000 20.796852
4.538000 20.798491
4.543000 20.800112
4.548000 20.801713
4.553000 20.803295
4.558000 20.804857
4.563000 20.806401
4.568000 20.807926
4.573000 20.809432
4.578000 20.810919
4.583000 20.812387
4.588000 20.813836
4.593000 20.815266
4.598000 20.816677
4.603000 20.818070
4.608000 20.819443
4.613000 20.820798
4.618000 20.822134
4.623000 20.823452
4.628000 20.824750
4.633000 20.826030
4.638000 20.827292
4.643000 20.828534
4.648000 20.829759
4.653000 20.830964
4.658000 20.832151
4.663000 20.833319
4.668000 20.834469
4.673000 20.835601
4.678000 20.836714
4.683000 20.837808
4.688000 20.838885
4.693000 20.839942
4.698000 20.840982
4.703000 20.842003
4.708000 20.843006
4.713000 20.843990
4.718000 20.844956
4.723000 20.845904
4.728000 20.846834
4.733000 20.847746
4.738000 20.848639
4.743000 20.849515
4.748000 20.850372
4.753000 20.851211
4.758000 20.852032
4.763000 20.852835
4.768000 20.853620
4.773000 20.854387
4.778000 20.855136
4.783000 20.855867
4.788000 20.856580
4.793000 20.857275
4.798000 20.857953
4.803000 20.858612
4.808000 20.859254
4.813000 20.859878
4.818000 20.860484
4.823000 20.861072
4.828000 20.861643
4.833000 20.862196
4.838000 20.862731
4.843000 20.863249
4.848000 20.863749
4.853000 20.864231
4.858000 20.864696
4.863000 20.865143
4.868000 20.865573
4.873000 20.865985
4.878000 20.866379
4.883000 20.866756
4.888000 20.867116
4.893000 20.867458
4.898000 20.867783
4.903000 20.868090
4.908000 20.868380
4.913000 20.868653
4.918000 20.868908
4.923000 20.869147
4.928000 20.869367
4.933000 20.869571
4.938000 20.869757
4.943000 20.869926
4.948000 20.870078
4.953000 20.870213
4.958000 20.870331
4.963000 20.870431
4.968000 20.870515
4.973000 20.870581
4.978000 20.870631
4.983000 20.870663
4.988000 20.871238
4.993000 20.873165
4.998000 20.875076
5.003000 20.876972
5.008000 20.878852
5.013000 20.880716
5.018000 20.882566
5.023000 20.884399
5.028000 20.886218
5.033000 20.888021
5.038000 20.889808
5.043000 20.891581
5.048000 20.893337
5.053000 20.895079
5.058000 20.896805
5.063000 20.898516
5.068000 20.900212
5.073000 20.901892
5.078000 20.903557
5.083000 20.905207
5.088000 20.906842
5.093000 20.908462
5.098000 20.910066
5.103000 20.911655
5.108000 20.913229
5.113000 20.914789
5.118000 20.916332
5.123000 20.917861
5.128000 20.919375
5.133000 20.920874
5.138000 20.922358
5.143000 20.923826
5.148000 20.925280
5.153000 20.926719
5.158000 20.928143
5.163000 20.929552
5.168000 20.930946
5.173000 20.932325
5.178000 20.933689
5.183000 20.935039
5.188000 20.936373
5.193000 20.937693
5.198000 20.938998
5.203000 20.940288
5.208000 20.941563
5.213000 20.942824
5.218000 20.944070
5.223000 20.945301
5.228000 20.946518
5.233000 20.947719
5.238000 20.948906
5.243000 20.950079
5.248000 20.951237
5.253000 20.952380
5.258000 20.953509
5.263000 20.954623
5.268000 20.955722
5.273000 20.956807
5.278000 20.957878
5.283000 20.958934
5.288000 20.959975
5.293000 20.961002
5.298000 20.962015
5.303000 20.963013
5.308000 20.963997
5.313000 20.964966
5.318000 20.965921
5.323000 20.966861
5.328000 20.967787
5.333000 20.968699
5.338000 20.969597
5.343000 20.970480
5.348000 20.971349
5.353000 20.972203
5.358000 20.973044
5.363000 20.973870
5.368000 20.974682
5.373000 20.975480
5.378000 20.976263
5.383000 20.977033
5.388000 20.977788
5.393000 20.978529
5.398000 20.979256
5.403000 20.979969
5.408000 20.980668
5.413000 20.981352
5.418000 20.982023
5.423000 20.982680
5.428000 20.983322
5.433000 20.983951
5.438000 20.984565
5.443000 20.985166
5.448000 20.985753
5.453000 20.986325
5.458000 20.986884
5.463000 20.987429
5.468000 20.987960
5.473000 20.988477
5.478000 20.988981
5.483000 20.989470
5.488000 20.989946
5.493000 20.990408
5.498000 20.990856
5.503000 20.991290
5.508000 20.991710
5.513000 20.992117
5.518000 20.992510
5.523000 20.992889
5.528000 20.993255
5.533000 20.993607
5.538000 20.993945
5.543000 20.994270
5.548000 20.994581
5.553000 20.994878
5.558000 20.995162
5.563000 20.995432
5.568000 20.995689
5.573000 20.995932
5.578000 20.996161
5.583000 20.996377
5.588000 20.996580
5.593000 20.996769
5.598000 20.996944
5.603000 20.997106
5.608000 20.997255
5.613000 20.997390
5.618000 20.997512
5.623000 20.997620
5.628000 20.997715
5.633000 20.997796
5.638000 20.997865
5.643000 20.997920
5.648000 20.997961
5.653000 20.997989
5.658000 20.998004
5.663000 20.998006
5.668000 20.997995
5.673000 20.997970
5.678000 20.997932
5.683000 20.999618
5.688000 21.001313
5.693000 21.002996
5.698000 21.004668
5.703000 21.006327
5.708000 21.007974
5.713000 21.009609
5.718000 21.011232
5.723000 21.012844
5.728000 21.014443
5.733000 21.016030
5.738000 21.017606
5.743000 21.019169
5.748000 21.020721
5.753000 21.022260
5.758000 21.023788
5.763000 21.025304
5.768000 21.026808
5.773000 21.028300
5.778000 21.029781
5.783000 21.031249
5.788000 21.032706
5.793000 21.034151
5.798000 21.035584
5.803000 21.037006
5.808000 21.038415
5.813000 21.039813
5.818000 21.041199
5.823000 21.042574
5.828000 21.043937
5.833000 21.045288
5.838000 21.046627
5.843000 21.047955
5.848000 21.049271
5.853000 21.050575
5.858000 21.051868
5.863000 21.053149
5.868000 21.054419
5.873000 21.055677
5.878000 21.056923
5.883000 21.058158
5.888000 21.059381
5.893000 21.060593
5.898000 21.061793
5.903000 21.062981
5.908000 21.064158
5.913000 21.065324
5.918000 21.066478
5.923000 21.067621
5.928000 21.068752
5.933000 21.069872
5.938000 21.070980
5.943000 21.072077
5.948000 21.073162
5.953000 21.074236
5.958000 21.075299
5.963000 21.076350
5.968000 21.077390
5.973000 21.078419
5.978000 21.079436
5.983000 21.080442
5.988000 21.081436
5.993000 21.082420
5.998000 21.083392
6.003000 21.084352
6.008000 21.085302
6.013000 21.086240
6.018000 21.087167
6.023000 21.088082
6.028000 21.088987
6.033000 21.089880
6.038000 21.090762
6.043000 21.091633
6.048000 21.092492
6.053000 21.093341
6.058000 21.094178
6.063000 21.095004
6.068000 21.095819
6.073000 21.096623
6.078000 21.097416
6.083000 21.098198
6.088000 21.098968
6.093000 21.099728
6.098000 21.100476
6.103000 21.101214
6.108000 21.101940
6.113000 21.102655
6.118000 21.103360
6.123000 21.104053
6.128000 21.104735
6.133000 21.105407
6.138000 21.106067
6.143000 21.106716
6.148000 21.107355
6.153000 21.107982
6.158000 21.108599
6.163000 21.109205
6.168000 21.109799
6.173000 21.110383
6.178000 21.110956
6.183000 21.111518
6.188000 21.112070
6.193000 21.112610
6.198000 21.113139
6.203000 21.113658
6.208000 21.114166
6.213000 21.114663
6.218000 21.115149
6.223000 21.115625
6.228000 21.116090
6.233000 21.116544
6.238000 21.116987
6.243000 21.117419
6.248000 21.117841
6.253000 21.118252
6.258000 21.118653
6.263000 21.119042
6.268000 21.119421
6.273000 21.119789
6.278000 21.120147
6.283000 21.120494
6.288000 21.120830
6.293000 21.121156
6.298000 21.121471
6.303000 21.121776
6.308000 21.122069
6.313000 21.122353
6.318000 21.122625
6.323000 21.122888
6.328000 21.123139
6.333000 21.123380
6.338000 21.123611
6.343000 21.123831
6.348000 21.124040
6.353000 21.124239
6.358000 21.124428
6.363000 21.124606
6.368000 21.124773
6.373000 21.124930
6.378000 21.125077
6.383000 21.125213
6.388000 21.125339
6.393000 21.125454
6.398000 21.125559
6.403000 21.125654
6.408000 21.125738
6.413000 21.125811
6.418000 21.125875
6.423000 21.125928
6.428000 21.125971
6.433000 21.126003
6.438000 21.126025
6.443000 21.126037
6.448000 21.126038
6.453000 21.126029
6.458000 21.126010
6.463000 21.125981
6.468000 21.126720
6.473000 21.128209
6.478000 21.129688
6.483000 21.131158
6.488000 21.132618
6.493000 21.134070
6.498000 21.135511
6.503000 21.136944
6.508000 21.138367
6.513000 21.139781
6.518000 21.141186
6.523000 21.142581
6.528000 21.143967
6.533000 21.145344
6.538000 21.146712
6.543000 21.148070
6.548000 21.149419
6.553000 21.150759
6.558000 21.152090
6.563000 21.153411
6.568000 21.154723
6.573000 21.156026
6.578000 21.157320
6.583000 21.158605
6.588000 21.159880
6.593000 21.161147
6.598000 21.162404
6.603000 21.163652
6.608000 21.164890
6.613000 21.166120
6.618000 21.167341
6.623000 21.168552
6.628000 21.169755
6.633000 21.170948
6.638000 21.172132
6.643000 21.173307
6.648000 21.174473
6.653000 21.175630
6.658000 21.176778
6.663000 21.177917
6.668000 21.179047
6.673000 21.180168
6.678000 21.181279
6.683000 21.182382
6.688000 21.183476
6.693000 21.184561
6.698000 21.185636
6.703000 21.186703
6.708000 21.187761
6.713000 21.188810
6.718000 21.189850
6.723000 21.190881
6.728000 21.191903
6.733000 21.192916
6.738000 21.193920
6.743000 21.194915
6.748000 21.195901
6.753000 21.196879
6.758000 21.197847
6.763000 21.198807
6.768000 21.199758
6.773000 21.200700
6.778000 21.201633
6.783000 21.202557
6.788000 21.203472
6.793000 21.204379
6.798000 21.205277
6.803000 21.206166
6.808000 21.207046
6.813000 21.207917
6.818000 21.208780
6.823000 21.209633
6.828000 21.210478
6.833000 21.211314
6.838000 21.212142
6.843000 21.212960
6.848000 21.213770
6.853000 21.214572
6.858000 21.215364
6.863000 21.216148
6.868000 21.216923
6.873000 21.217689
6.878000 21.218447
6.883000 21.219196
6.888000 21.219936
6.893000 21.220668
6.898000 21.221390
6.903000 21.222105
6.908000 21.222810
6.913000 21.223507
6.918000 21.224196
6.923000 21.224875
6.928000 21.225546
6.933000 21.226209
6.938000 21.226863
6.943000 21.227508
6.948000 21.228145
6.953000 21.228773
6.958000 21.229393
6.963000 21.230004
6.968000 21.230606
6.973000 21.231200
6.978000 21.231785
6.983000 21.232362
6.988000 21.232930
6.993000 21.233490
6.998000 21.234041
7.003000 21.234584
7.008000 21.235119
7.013000 21.235644
7.018000 21.236162
7.023000 21.236670
7.028000 21.237171
7.033000 21.237663
7.038000 21.238146
7.043000 21.238621
7.048000 21.239088
7.053000 21.239546
7.058000 21.239996
7.063000 21.240437
7.068000 21.240870
7.073000 21.241295
7.078000 21.241711
7.083000 21.242119
7.088000 21.242518
7.093000 21.242909
7.098000 21.243292
7.103000 21.243666
7.108000 21.244032
7.113000 21.244390
7.118000 21.244739
7.123000 21.245080
7.128000 21.245413
7.133000 21.245738
7.138000 21.246054
7.143000 21.246362
7.148000 21.246661
7.153000 21.246952
7.158000 21.247235
7.163000 21.247510
7.168000 21.247777
7.173000 21.248035
7.178000 21.248285
7.183000 21.248527
7.188000 21.248760
7.193000 21.248986
7.198000 21.249203
7.203000 21.249412
7.208000 21.249612
7.213000 21.249805
7.218000 21.249989
7.223000 21.250166
7.228000 21.250334
7.233000 21.250494
7.238000 21.250645
7.243000 21.250789
7.248000 21.250924
7.253000 21.251052
7.258000 21.251171
7.263000 21.251282
7.268000 21.251385
7.273000 21.251480
7.278000 21.251567
7.283000 21.251645
7.288000 21.251716
7.293000 21.251779
7.298000 21.251833
7.303000 21.251880
7.308000 21.251918
7.313000 21.251948
7.318000 21.251971
7.323000 21.251985
7.328000 21.251991
7.333000 21.251990
7.338000 21.251980
7.343000 21.251962
7.348000 21.251936
7.353000 21.251903
7.358000 21.251861
7.363000 21.252534
7.368000 21.253854
7.373000 21.255166
7.378000 21.256471
7.383000 21.257769
7.388000 21.259060
7.393000 21.260343
7.398000 21.261619
7.403000 21.262888
7.408000 21.264150
7.413000 21.265404
7.418000 21.266652
7.423000 21.267892
7.428000 21.269125
7.433000 21.270350
7.438000 21.271569
7.443000 21.272780
7.448000 21.273984
7.453000 21.275181
7.458000 21.276371
7.463000 21.277553
7.468000 21.278729
7.473000 21.279897
7.478000 21.281058
7.483000 21.282212
7.488000 21.283359
7.493000 21.284499
7.498000 21.285631
7.503000 21.286757
7.508000 21.287875
7.513000 21.288987
7.518000 21.290091
7.523000 21.291188
7.528000 21.292278
7.533000 21.293361
7.538000 21.294437
7.543000 21.295506
7.548000 21.296567
7.553000 21.297622
7.558000 21.298670
7.563000 21.299710
7.568000 21.300744
7.573000 21.301770
7.578000 21.302790
7.583000 21.303802
7.588000 21.304808
7.593000 21.305806
7.598000 21.306797
7.603000 21.307782
7.608000 21.308759
7.613000 21.309730
7.618000 21.310693
7.623000 21.311650
7.628000 21.312599
7.633000 21.313542
7.638000 21.314477
7.643000 21.315406
7.648000 21.316328
7.653000 21.317242
7.658000 21.318150
7.663000 21.319051
7.668000 21.319945
7.673000 21.320832
7.678000 21.321712
7.683000 21.322585
7.688000 21.323452
7.693000 21.324311
7.698000 21.325164
7.703000 21.326009
7.708000 21.326848
7.713000 21.327680
7.718000 21.328505
7.723000 21.329323
7.728000 21.330134
7.733000 21.330939
7.738000 21.331736
7.743000 21.332527
7.748000 21.333311
7.753000 21.334088
7.758000 21.334858
7.763000 21.335621
7.768000 21.336378
7.773000 21.337128
7.778000 21.337871
7.783000 21.338607
7.788000 21.339336
7.793000 21.340059
7.798000 21.340775
7.803000 21.341484
7.808000 21.342186
7.813000 21.342882
7.818000 21.343570
7.823000 21.344252
7.828000 21.344928
7.833000 21.345596
7.838000 21.346258
7.843000 21.346913
7.848000 21.347561
7.853000 21.348203
7.858000 21.348837
7.863000 21.349466
7.868000 21.350087
7.873000 21.350702
7.878000 21.351310
7.883000 21.351911
7.888000 21.352506
7.893000 21.353094
7.898000 21.353675
7.903000 21.354250
7.908000 21.354818
7.913000 21.355379
7.918000 21.355934
7.923000 21.356482
7.928000 21.357023
7.933000 21.357558
7.938000 21.358086
7.943000 21.358607
7.948000 21.359122
7.953000 21.359630
7.958000 21.360132
7.963000 21.360627
7.968000 21.361115
7.973000 21.361597
7.978000 21.362072
7.983000 21.362541
7.988000 21.363003
7.993000 21.363459
7.998000 21.363908
8.003000 21.364350
8.008000 21.364786
8.013000 21.365215
8.018000 21.365638
8.023000 21.366054
8.028000 21.366463
8.033000 21.366866
8.038000 21.367263
8.043000 21.367653
8.048000 21.368036
8.053000 21.368413
8.058000 21.368784
8.063000 21.369148
8.068000 21.369505
8.073000 21.369856
8.078000 21.370201
8.083000 21.370539
8.088000 21.370871
8.093000 21.371196
8.098000 21.371514
8.103000 21.371826
8.108000 21.372132
8.113000 21.372431
8.118000 21.372724
8.123000 21.373010
8.128000 21.373290
8.133000 21.373564
8.138000 21.373831
8.143000 21.374092
8.148000 21.374346
8.153000 21.374594
8.158000 21.374835
8.163000 21.375070
8.168000 21.375299
8.173000 21.375521
8.178000 21.375737
8.183000 21.375946
8.188000 21.376149
8.193000 21.376346
8.198000 21.376536
8.203000 21.376720
8.208000 21.376898
8.213000 21.377069
8.218000 21.377234
8.223000 21.377393
8.228000 21.377545
8.233000 21.377691
8.238000 21.377831
8.243000 21.377964
8.248000 21.378091
8.253000 21.378212
8.258000 21.378326
8.263000 21.378434
8.268000 21.378536
8.273000 21.378631
8.278000 21.378720
8.283000 21.378803
8.288000 21.378880
8.293000 21.378950
8.298000 21.379014
8.303000 21.379072
8.308000 21.379124
8.313000 21.379169
8.318000 21.379208
8.323000 21.379241
8.328000 21.379268
8.333000 21.379288
8.338000 21.379302
8.343000 21.379310
8.348000 21.379312
8.353000 21.379496
8.358000 21.380645
8.363000 21.381787
8.368000 21.382924
8.373000 21.384055
8.378000 21.385181
8.383000 21.386300
8.388000 21.387414
8.393000 21.388523
8.398000 21.389626
8.403000 21.390723
8.408000 21.391814
8.413000 21.392900
8.418000 21.393980
8.423000 21.395055
8.428000 21.396123
8.433000 21.397187
8.438000 21.398244
8.443000 21.399296
8.448000 21.400343
8.453000 21.401383
8.458000 21.402419
8.463000 21.403448
8.468000 21.404472
8.473000 21.405490
8.478000 21.406503
8.483000 21.407510
8.488000 21.408512
8.493000 21.409508
8.498000 21.410498
8.503000 21.411483
8.508000 21.412462
8.513000 21.413436
8.518000 21.414404
8.523000 21.415366
8.528000 21.416323
8.533000 21.417274
8.538000 21.418220
8.543000 21.419161
8.548000 21.420095
8.553000 21.421025
8.558000 21.421948
8.563000 21.422866
8.568000 21.423779
8.573000 21.424686
8.578000 21.425588
8.583000 21.426484
8.588000 21.427374
8.593000 21.428259
8.598000 21.429139
8.603000 21.430013
8.608000 21.430882
8.613000 21.431745
8.618000 21.432602
8.623000 21.433454
8.628000 21.434301
8.633000 21.435142
8.638000 21.435978
8.643000 21.436808
8.648000 21.437633
8.653000 21.438452
8.658000 21.439266
8.663000 21.440074
8.668000 21.440877
8.673000 21.441675
8.678000 21.442467
8.683000 21.443253
8.688000 21.444035
8.693000 21.444810
8.698000 21.445581
8.703000 21.446346
8.708000 21.447105
8.713000 21.447859
8.718000 21.448608
8.723000 21.449351
8.728000 21.450089
8.733000 21.450822
8.738000 21.451549
8.743000 21.452270
8.748000 21.452987
8.753000 21.453698
8.758000 21.454403
8.763000 21.455103
8.768000 21.455798
8.773000 21.456488
8.778000 21.457172
8.783000 21.457850
8.788000 21.458524
8.793000 21.459192
8.798000 21.459855
8.803000 21.460512
8.808000 21.461164
8.813000 21.461811
8.818000 21.462452
8.823000 21.463088
8.828000 21.463719
8.833000 21.464344
8.838000 21.464964
8.843000 21.465579
8.848000 21.466188
8.853000 21.466792
8.858000 21.467391
8.863000 21.467984
8.868000 21.468573
8.873000 21.469156
8.878000 21.469733
8.883000 21.470306
8.888000 21.470873
8.893000 21.471435
8.898000 21.471991
8.903000 21.472542
8.908000 21.473088
8.913000 21.473629
8.918000 21.474165
8.923000 21.474695
8.928000 21.475220
8.933000 21.475739
8.938000 21.476254
8.943000 21.476763
8.948000 21.477267
8.953000 21.477766
8.958000 21.478260
8.963000 21.478748
8.968000 21.479231
8.973000 21.479709
8.978000 21.480182
8.983000 21.480649
8.988000 21.481111
8.993000 21.481568
8.998000 21.482020
9.003000 21.482467
9.008000 21.482908
9.013000 21.483345
9.018000 21.483776
9.023000 21.484202
9.028000 21.484623
9.033000 21.485038
9.038000 21.485449
9.043000 21.485854
9.048000 21.486254
9.053000 21.486649
9.058000 21.487039
9.063000 21.487423
9.068000 21.487803
9.073000 21.488177
9.078000 21.488546
9.083000 21.488910
9.088000 21.489269
9.093000 21.489623
9.098000 21.489972
9.103000 21.490315
9.108000 21.490654
9.113000 21.490987
9.118000 21.491315
9.123000 21.491638
9.128000 21.491956
9.133000 21.492269
9.138000 21.492577
9.143000 21.492880
9.148000 21.493178
9.153000 21.493470
9.158000 21.493758
9.163000 21.494040
9.168000 21.494317
9.173000 21.494589
9.178000 21.494857
9.183000 21.495119
9.188000 21.495376
9.193000 21.495628
9.198000 21.495875
9.203000 21.496116
9.208000 21.496353
9.213000 21.496585
9.218000 21.496812
9.223000 21.497033
9.228000 21.497250
9.233000 21.497462
9.238000 21.497668
9.243000 21.497870
9.248000 21.498067
9.253000 21.498258
9.258000 21.498445
9.263000 21.498626
9.268000 21.498803
9.273000 21.498974
9.278000 21.499141
9.283000 21.499302
9.288000 21.499459
9.293000 21.499610
9.298000 21.499757
9.303000 21.499898
9.308000 21.500035
9.313000 21.500167
9.318000 21.500293
9.323000 21.500415
9.328000 21.500532
9.333000 21.500644
9.338000 21.500750
9.343000 21.500852
9.348000 21.500949
9.353000 21.501041
9.358000 21.501128
9.363000 21.501210
9.368000 21.501287
9.373000 21.501359
9.378000 21.501427
9.383000 21.501489
9.388000 21.501547
9.393000 21.501599
9.398000 21.501647
9.403000 21.501689
9.408000 21.501727
9.413000 21.501760
9.418000 21.501788
9.423000 21.501811
9.428000 21.501829
9.433000 21.501842
9.438000 21.501851
9.443000 21.501854
9.448000 21.501853
9.453000 21.501847
9.458000 21.501835
9.463000 21.501819
9.468000 21.501799
9.473000 21.501773
9.478000 21.501742
9.483000 21.501707
9.488000 21.501666
9.493000 21.501621
9.498000 21.502204
9.503000 21.503245
9.508000 21.504282
9.513000 21.505314
9.518000 21.506342
9.523000 21.507365
9.528000 21.508384
9.533000 21.509399
9.538000 21.510409
9.543000 21.511415
9.548000 21.512416
9.553000 21.513413
9.558000 21.514405
9.563000 21.515394
9.568000 21.516377
9.573000 21.517357
9.578000 21.518332
9.583000 21.519302
9.588000 21.520269
9.593000 21.521231
9.598000 21.522188
9.603000 21.523141
9.608000 21.524090
9.613000 21.525035
9.618000 21.525975
9.623000 21.526910
9.628000 21.527842
9.633000 21.528769
9.638000 21.529692
9.643000 21.530610
9.648000 21.531524
9.653000 21.532434
9.658000 21.533339
9.663000 21.534240
9.668000 21.535137
9.673000 21.536029
9.678000 21.536917
9.683000 21.537801
9.688000 21.538680
9.693000 21.539555
9.698000 21.540426
9.703000 21.541292
9.708000 21.542155
9.713000 21.543012
9.718000 21.543866
9.723000 21.544715
9.728000 21.545560
9.733000 21.546401
9.738000 21.547237
9.743000 21.548069
9.748000 21.548897
9.753000 21.549721
9.758000 21.550540
9.763000 21.551355
9.768000 21.552165
9.773000 21.552972
9.778000 21.553774
9.783000 21.554572
9.788000 21.555365
9.793000 21.556155
9.798000 21.556940
9.803000 21.557721
9.808000 21.558497
9.813000 21.559270
9.818000 21.560038
9.823000 21.560801
9.828000 21.561561
9.833000 21.562316
9.838000 21.563068
9.843000 21.563814
9.848000 21.564557
9.853000 21.565295
9.858000 21.566030
9.863000 21.566760
9.868000 21.567485
9.873000 21.568207
9.878000 21.568924
9.883000 21.569637
9.888000 21.570346
9.893000 21.571051
9.898000 21.571751
9.903000 21.572448
9.908000 21.573140
9.913000 21.573828
9.918000 21.574511
9.923000 21.575191
9.928000 21.575866
9.933000 21.576537
9.938000 21.577204
9.943000 21.577867
9.948000 21.578525
9.953000 21.579180
9.958000 21.579830
9.963000 21.580476
9.968000 21.581118
9.973000 21.581756
9.978000 21.582389
9.983000 21.583019
9.988000 21.583644
9.993000 21.584265
9.998000 21.584882
10.003000 21.585495
10.008000 21.586103
10.013000 21.586708
10.018000 21.587308
10.023000 21.587904
10.028000 21.588496
10.033000 21.589084
10.038000 21.589668
10.043000 21.590248
10.048000 21.590823
10.053000 21.591395
10.058000 21.591962
10.063000 21.592525
10.068000 21.593084
10.073000 21.593639
10.078000 21.594190
10.083000 21.594737
10.088000 21.595280
10.093000 21.595818
10.098000 21.596352
10.103000 21.596883
10.108000 21.597409
10.113000 21.597931
10.118000 21.598449
10.123000 21.598963
10.128000 21.599473
10.133000 21.599979
10.138000 21.600480
10.143000 21.600978
10.148000 21.601472
10.153000 21.601961
10.158000 21.602446
10.163000 21.602928
10.168000 21.603405
10.173000 21.603878
10.178000 21.604347
10.183000 21.604812
10.188000 21.605273
10.193000 21.605730
10.198000 21.606183
10.203000 21.606632
10.208000 21.607077
10.213000 21.607518
10.218000 21.607955
10.223000 21.608387
10.228000 21.608816
10.233000 21.609241
10.238000 21.609661
10.243000 21.610078
10.248000 21.610490
10.253000 21.610899
10.258000 21.611303
10.263000 21.611704
10.268000 21.612100
10.273000 21.612493
10.278000 21.612881
10.283000 21.613266
10.288000 21.613646
10.293000 21.614023
10.298000 21.614395
10.303000 21.614763
10.308000 21.615128
10.313000 21.615488
10.318000 21.615845
10.323000 21.616197
10.328000 21.616546
10.333000 21.616890
10.338000 21.617231
10.343000 21.617567
10.348000 21.617900
10.353000 21.618228
10.358000 21.618553
10.363000 21.618874
10.368000 21.619190
10.373000 21.619503
10.378000 21.619812
10.383000 21.620116
10.388000 21.620417
10.393000 21.620714
10.398000 21.621007
10.403000 21.621296
10.408000 21.621581
10.413000 21.621862
10.418000 21.622139
10.423000 21.622412
10.428000 21.622682
10.433000 21.622947
10.438000 21.623208
10.443000 21.623466
10.448000 21.623719
10.453000 21.623969
10.458000 21.624215
10.463000 21.624456
10.468000 21.624694
10.473000 21.624928
10.478000 21.625158
10.483000 21.625384
10.488000 21.625606
10.493000 21.625825
10.498000 21.626039
10.503000 21.626250
10.508000 21.626456
10.513000 21.626659
10.518000 21.626858
10.523000 21.627052
10.528000 21.627243
10.533000 21.627431
10.538000 21.627614
10.543000 21.627793
10.548000 21.627969
10.553000 21.628140
10.558000 21.628308
10.563000 21.628472
10.568000 21.628632
10.573000 21.628788
10.578000 21.628940
10.583000 21.629088
10.588000 21.629233
10.593000 21.629374
10.598000 21.629510
10.603000 21.629643
10.608000 21.629772
10.613000 21.629898
10.618000 21.630019
10.623000 21.630136
10.628000 21.630250
10.633000 21.630360
10.638000 21.630466
10.643000 21.630568
10.648000 21.630667
10.653000 21.630761
10.658000 21.630852
10.663000 21.630939
10.668000 21.631022
10.673000 21.631101
10.678000 21.631176
10.683000 21.631248
10.688000 21.631316
10.693000 21.631380
10.698000 21.631440
10.703000 21.631496
10.708000 21.631549
10.713000 21.631597
10.718000 21.631642
10.723000 21.631683
10.728000 21.631721
10.733000 21.631754
10.738000 21.631784
10.743000 21.631810
10.748000 21.631832
10.753000 21.631850
10.758000 21.631865
10.763000 21.631876
10.768000 21.631883
10.773000 21.631886
10.778000 21.631885
10.783000 21.631881
10.788000 21.631873
10.793000 21.631861
10.798000 21.632039
10.803000 21.632918
10.808000 21.633793
10.813000 21.634664
10.818000 21.635533
10.823000 21.636397
10.828000 21.637259
10.833000 21.638117
10.838000 21.638971
10.843000 21.639822
10.848000 21.640670
10.853000 21.641514
10.858000 21.642354
10.863000 21.643192
10.868000 21.644025
10.873000 21.644856
10.878000 21.645683
10.883000 21.646506
10.888000 21.647326
10.893000 21.648143
10.898000 21.648956
10.903000 21.649766
10.908000 21.650573
10.913000 21.651376
10.918000 21.652175
10.923000 21.652972
10.928000 21.653764
10.933000 21.654554
10.938000 21.655340
10.943000 21.656122
10.948000 21.656901
10.953000 21.657677
10.958000 21.658450
10.963000 21.659219
10.968000 21.659984
10.973000 21.660746
10.978000 21.661505
10.983000 21.662261
10.988000 21.663013
10.993000 21.663761
10.998000 21.664507
11.003000 21.665248
11.008000 21.665987
11.013000 21.666722
11.018000 21.667454
11.023000 21.668182
11.028000 21.668907
11.033000 21.669629
11.038000 21.670347
11.043000 21.671062
11.048000 21.671774
11.053000 21.672482
11.058000 21.673187
11.063000 21.673888
11.068000 21.674586
11.073000 21.675281
11.078000 21.675973
11.083000 21.676661
11.088000 21.677345
11.093000 21.678027
11.098000 21.678705
11.103000 21.679380
11.108000 21.680051
11.113000 21.680719
11.118000 21.681384
11.123000 21.682045
11.128000 21.682703
11.133000 21.683358
11.138000 21.684009
11.143000 21.684657
11.148000 21.685302
11.153000 21.685943
11.158000 21.686581
11.163000 21.687216
11.168000 21.687847
11.173000 21.688475
11.178000 21.689100
11.183000 21.689722
11.188000 21.690340
11.193000 21.690955
11.198000 21.691566
11.203000 21.692174
11.208000 21.692779
11.213000 21.693381
11.218000 21.693979
11.223000 21.694574
11.228000 21.695166
11.233000 21.695755
11.238000 21.696340
11.243000 21.696922
11.248000 21.697500
11.253000 21.698075
11.258000 21.698647
11.263000 21.699216
11.268000 21.699782
11.273000 21.700344
11.278000 21.700903
11.283000 21.701458
11.288000 21.702011
11.293000 21.702560
11.298000 21.703105
11.303000 21.703648
11.308000 21.704187
11.313000 21.704723
11.318000 21.705256
11.323000 21.705785
11.328000 21.706312
11.333000 21.706835
11.338000 21.707354
11.343000 21.707871
11.348000 21.708384
11.353000 21.708894
11.358000 21.709400
11.363000 21.709904
11.368000 21.710404
11.373000 21.710901
11.378000 21.711395
11.383000 21.711885
11.388000 21.712372
11.393000 21.712856
11.398000 21.713337
11.403000 21.713815
11.408000 21.714289
11.413000 21.714760
11.418000 21.715228
11.423000 21.715693
11.428000 21.716154
11.433000 21.716612
11.438000 21.717067
11.443000 21.717519
11.448000 21.717967
11.453000 21.718413
11.458000 21.718855
11.463000 21.719293
11.468000 21.719729
11.473000 21.720162
11.478000 21.720591
11.483000 21.721017
11.488000 21.721440
11.493000 21.721859
11.498000 21.722276
11.503000 21.722689
11.508000 21.723099
11.513000 21.723506
11.518000 21.723910
11.523000 21.724310
11.528000 21.724707
11.533000 21.725101
11.538000 21.725492
11.543000 21.725880
11.548000 21.726264
11.553000 21.726646
11.558000 21.727024
11.563000 21.727399
11.568000 21.727771
11.573000 21.728139
11.578000 21.728505
11.583000 21.728867
11.588000 21.729226
11.593000 21.729582
11.598000 21.729935
11.603000 21.730285
11.608000 21.730631
11.613000 21.730975
11.618000 21.731315
11.623000 21.731652
11.628000 21.731986
11.633000 21.732316
11.638000 21.732644
11.643000 21.732968
11.648000 21.733290
11.653000 21.733608
11.658000 21.733923
11.663000 21.734235
11.668000 21.734543
11.673000 21.734849
11.678000 21.735151
11.683000 21.735450
11.688000 21.735747
11.693000 21.736040
11.698000 21.736329
11.703000 21.736616
11.708000 21.736900
11.713000 21.737180
11.718000 21.737458
11.723000 21.737732
11.728000 21.738003
11.733000 21.738271
11.738000 21.738536
11.743000 21.738798
11.748000 21.739056
11.753000 21.739312
11.758000 21.739564
11.763000 21.739814
11.768000 21.740060
11.773000 21.740303
11.778000 21.740543
11.783000 21.740780
11.788000 21.741014
11.793000 21.741245
11.798000 21.741472
11.803000 21.741697
11.808000 21.741918
11.813000 21.742137
11.818000 21.742352
11.823000 21.742564
11.828000 21.742773
11.833000 21.742979
11.838000 21.743182
11.843000 21.743382
11.848000 21.743579
11.853000 21.743772
11.858000 21.743963
11.863000 21.744150
11.868000 21.744335
11.873000 21.744516
11.878000 21.744694
11.883000 21.744870
11.888000 21.745042
11.893000 21.745211
11.898000 21.745377
11.903000 21.745540
11.908000 21.745700
11.913000 21.745857
11.918000 21.746011
11.923000 21.746161
11.928000 21.746309
11.933000 21.746454
11.938000 21.746595
11.943000 21.746734
11.948000 21.746869
11.953000 21.747002
11.958000 21.747131
11.963000 21.747258
11.968000 21.747381
11.973000 21.747501
11.978000 21.747618
11.983000 21.747733
11.988000 21.747844
11.993000 21.747952
11.998000 21.748057
12.003000 21.748159
12.008000 21.748258
12.013000 21.748354
12.018000 21.748447
12.023000 21.748537
12.028000 21.748624
12.033000 21.748708
12.038000 21.748789
12.043000 21.748867
12.048000 21.748942
12.053000 21.749014
12.058000 21.749083
12.063000 21.749149
12.068000 21.749212
12.073000 21.749271
12.078000 21.749328
12.083000 21.749382
12.088000 21.749433
12.093000 21.749481
12.098000 21.749526
12.103000 21.749568
12.108000 21.749606
12.113000 21.749642
12.118000 21.749675
12.123000 21.749705
12.128000 21.749732
12.133000 21.749756
12.138000 21.749777
12.143000 21.749795
12.148000 21.749810
12.153000 21.749822
12.158000 21.749831
12.163000 21.749837
12.168000 21.749840
12.173000 21.749840
12.178000 21.749837
12.183000 21.749831
12.188000 21.749822
12.193000 21.749810
12.198000 21.749796
12.203000 21.749778
12.208000 21.749757
12.213000 21.749733
12.218000 21.749707
12.223000 21.749677
12.228000 21.749645
12.233000 21.749609
12.238000 21.749571
12.243000 21.749529
12.248000 21.749485
12.253000 21.749438
12.258000 21.749387
12.263000 21.749334
12.268000 21.749278
12.273000 21.749219
12.278000 21.749157
12.283000 21.749092
12.288000 21.749024
12.293000 21.748953
12.298000 21.748879
12.303000 21.748803
12.308000 21.748723
12.313000 21.749432
12.318000 21.750199
12.323000 21.750964
12.328000 21.751725
12.333000 21.752484
12.338000 21.753240
12.343000 21.753994
12.348000 21.754745
12.353000 21.755493
12.358000 21.756239
12.363000 21.756982
12.368000 21.757722
12.373000 21.758459
12.378000 21.759194
12.383000 21.759927
12.388000 21.760656
12.393000 21.761383
12.398000 21.762108
12.403000 21.762829
12.408000 21.763548
12.413000 21.764265
12.418000 21.764978
12.423000 21.765689
12.428000 21.766398
12.433000 21.767104
12.438000 21.767807
12.443000 21.768507
12.448000 21.769205
12.453000 21.769900
12.458000 21.770593
12.463000 21.771283
12.468000 21.771970
12.473000 21.772655
12.478000 21.773337
12.483000 21.774016
12.488000 21.774693
12.493000 21.775367
12.498000 21.776039
12.503000 21.776707
12.508000 21.777374
12.513000 21.778037
12.518000 21.778698
12.523000 21.779357
12.528000 21.780012
12.533000 21.780666
12.538000 21.781316
12.543000 21.781964
12.548000 21.782609
12.553000 21.783252
12.558000 21.783892
12.563000 21.784530
12.568000 21.785164
12.573000 21.785797
12.578000 21.786426
12.583000 21.787053
12.588000 21.787678
12.593000 21.788300
12.598000 21.788919
12.603000 21.789535
12.608000 21.790149
12.613000 21.790761
12.618000 21.791370
12.623000 21.791976
12.628000 21.792580
12.633000 21.793181
12.638000 21.793779
12.643000 21.794375
12.648000 21.794968
12.653000 21.795559
12.658000 21.796147
12.663000 21.796732
12.668000 21.797315
12.673000 21.797896
12.678000 21.798473
12.683000 21.799049
12.688000 21.799621
12.693000 21.800191
12.698000 21.800759
12.703000 21.801323
12.708000 21.801886
12.713000 21.802445
12.718000 21.803003
12.723000 21.803557
12.728000 21.804109
12.733000 21.804659
12.738000 21.805205
12.743000 21.805750
12.748000 21.806291
12.753000 21.806831
12.758000 21.807367
12.763000 21.807901
12.768000 21.808433
12.773000 21.808962
12.778000 21.809488
12.783000 21.810012
12.788000 21.810533
12.793000 21.811052
12.798000 21.811568
12.803000 21.812082
12.808000 21.812593
12.813000 21.813101
12.818000 21.813607
12.823000 21.814111
12.828000 21.814611
12.833000 21.815110
12.838000 21.815606
12.843000 21.816099
12.848000 21.816590
12.853000 21.817078
12.858000 21.817563
12.863000 21.818046
12.868000 21.818527
12.873000 21.819005
12.878000 21.819481
12.883000 21.819953
12.888000 21.820424
12.893000 21.820892
12.898000 21.821357
12.903000 21.821820
12.908000 21.822280
12.913000 21.822738
12.918000 21.823193
12.923000 21.823646
12.928000 21.824096
12.933000 21.824544
12.938000 21.824989
12.943000 21.825432
12.948000 21.825872
12.953000 21.826310
12.958000 21.826745
12.963000 21.827178
12.968000 21.827608
12.973000 21.828035
12.978000 21.828461
12.983000 21.828883
12.988000 21.829303
12.993000 21.829721
12.998000 21.830136
13.003000 21.830548
13.008000 21.830959
13.013000 21.831366
13.018000 21.831771
13.023000 21.832174
13.028000 21.832574
13.033000 21.832971
13.038000 21.833367
13.043000 21.833759
13.048000 21.834149
13.053000 21.834537
13.058000 21.834922
13.063000 21.835305
13.068000 21.835685
13.073000 21.836063
13.078000 21.836438
13.083000 21.836811
13.088000 21.837181
13.093000 21.837549
13.098000 21.837914
13.103000 21.838277
13.108000 21.838637
13.113000 21.838995
13.118000 21.839350
13.123000 21.839703
13.128000 21.840053
13.133000 21.840401
13.138000 21.840747
13.143000 21.841090
13.148000 21.841430
13.153000 21.841769
13.158000 21.842104
13.163000 21.842437
13.168000 21.842768
13.173000 21.843096
13.178000 21.843422
13.183000 21.843745
13.188000 21.844066
13.193000 21.844385
13.198000 21.844701
13.203000 21.845014
13.208000 21.845325
13.213000 21.845634
13.218000 21.845940
13.223000 21.846243
13.228000 21.846545
13.233000 21.846844
13.238000 21.847140
13.243000 21.847434
13.248000 21.847725
13.253000 21.848014
13.258000 21.848301
13.263000 21.848585
13.268000 21.848867
13.273000 21.849146
13.278000 21.849423
13.283000 21.849697
13.288000 21.849969
13.293000 21.850239
13.298000 21.850506
13.303000 21.850770
13.308000 21.851033
13.313000 21.851292
13.318000 21.851550
13.323000 21.851805
13.328000 21.852057
13.333000 21.852307
13.338000 21.852555
13.343000 21.852800
13.348000 21.853043
13.353000 21.853283
13.358000 21.853521
13.363000 21.853757
13.368000 21.853990
13.373000 21.854221
13.378000 21.854449
13.383000 21.854675
13.388000 21.854899
13.393000 21.855120
13.398000 21.855338
13.403000 21.855555
13.408000 21.855769
13.413000 21.855980
13.418000 21.856189
13.423000 21.856396
13.428000 21.856600
13.433000 21.856802
13.438000 21.857001
13.443000 21.857198
13.448000 21.857393
13.453000 21.857585
13.458000 21.857775
13.463000 21.857963
13.468000 21.858148
13.473000 21.858330
13.478000 21.858511
13.483000 21.858689
13.488000 21.858864
13.493000 21.859037
13.498000 21.859208
13.503000 21.859376
13.508000 21.859542
13.513000 21.859706
13.518000 21.859867
13.523000 21.860026
13.528000 21.860182
13.533000 21.860337
13.538000 21.860488
13.543000 21.860638
13.548000 21.860785
13.553000 21.860929
13.558000 21.861071
13.563000 21.861211
13.568000 21.861349
13.573000 21.861484
13.578000 21.861616
13.583000 21.861747
13.588000 21.861875
13.593000 21.862000
13.598000 21.862124
13.603000 21.862245
13.608000 21.862363
13.613000 21.862479
13.618000 21.862593
13.623000 21.862705
13.628000 21.862814
13.633000 21.862920
13.638000 21.863025
13.643000 21.863127
13.648000 21.863226
13.653000 21.863324
13.658000 21.863419
13.663000 21.863511
13.668000 21.863602
13.673000 21.863690
13.678000 21.863775
13.683000 21.863859
13.688000 21.863939
13.693000 21.864018
13.698000 21.864094
13.703000 21.864168
13.708000 21.864240
13.713000 21.864309
13.718000 21.864376
13.723000 21.864440
13.728000 21.864502
13.733000 21.864562
13.738000 21.864620
13.743000 21.864675
13.748000 21.864728
13.753000 21.864778
13.758000 21.864827
13.763000 21.864873
13.768000 21.864916
13.773000 21.864957
13.778000 21.864996
13.783000 21.865033
13.788000 21.865067
13.793000 21.865099
13.798000 21.865129
13.803000 21.865156
13.808000 21.865181
13.813000 21.865204
13.818000 21.865224
13.823000 21.865242
13.828000 21.865258
13.833000 21.865271
13.838000 21.865282
13.843000 21.865291
13.848000 21.865298
13.853000 21.865302
13.858000 21.865304
13.863000 21.865303
13.868000 21.865300
13.873000 21.865295
13.878000 21.865288
13.883000 21.865278
13.888000 21.865266
13.893000 21.865252
13.898000 21.865236
13.903000 21.865217
13.908000 21.865196
13.913000 21.865172
13.918000 21.865147
13.923000 21.865119
13.928000 21.865088
13.933000 21.865056
13.938000 21.865021
13.943000 21.864984
13.948000 21.864944
13.953000 21.864902
13.958000 21.864858
13.963000 21.864812
13.968000 21.864764
13.973000 21.864713
13.978000 21.864659
13.983000 21.864604
13.988000 21.864546
13.993000 21.864540
13.998000 21.865249
14.003000 21.865955
14.008000 21.866659
14.013000 21.867361
14.018000 21.868062
14.023000 21.868760
14.028000 21.869456
14.033000 21.870150
14.038000 21.870842
14.043000 21.871531
14.048000 21.872219
14.053000 21.872905
14.058000 21.873588
14.063000 21.874270
14.068000 21.874949
14.073000 21.875627
14.078000 21.876302
14.083000 21.876976
14.088000 21.877647
14.093000 21.878316
14.098000 21.878983
14.103000 21.879648
14.108000 21.880311
14.113000 21.880972
14.118000 21.881631
14.123000 21.882288
14.128000 21.882943
14.133000 21.883596
14.138000 21.884246
14.143000 21.884895
14.148000 21.885542
14.153000 21.886186
14.158000 21.886829
14.163000 21.887469
14.168000 21.888108
14.173000 21.888744
14.178000 21.889379
14.183000 21.890011
14.188000 21.890641
14.193000 21.891269
14.198000 21.891896
14.203000 21.892520
14.208000 21.893142
14.213000 21.893762
14.218000 21.894380
14.223000 21.894996
14.228000 21.895610
14.233000 21.896222
14.238000 21.896832
14.243000 21.897440
14.248000 21.898046
14.253000 21.898650
14.258000 21.899251
14.263000 21.899851
14.268000 21.900449
14.273000 21.901045
14.278000 21.901638
14.283000 21.902230
14.288000 21.902820
14.293000 21.903407
14.298000 21.903993
14.303000 21.904577
14.308000 21.905158
14.313000 21.905738
14.318000 21.906315
14.323000 21.906891
14.328000 21.907464
14.333000 21.908036
14.338000 21.908605
14.343000 21.909173
14.348000 21.909738
14.353000 21.910302
14.358000 21.910863
14.363000 21.911423
14.368000 21.911980
14.373000 21.912535
14.378000 21.913089
14.383000 21.913640
14.388000 21.914190
14.393000 21.914737
14.398000 21.915282
14.403000 21.915826
14.408000 21.916367
14.413000 21.916906
14.418000 21.917444
14.423000 21.917979
14.428000 21.918513
14.433000 21.919044
14.438000 21.919573
14.443000 21.920101
14.448000 21.920626
14.453000 21.921150
14.458000 21.921671
14.463000 21.922190
14.468000 21.922708
14.473000 21.923223
14.478000 21.923737
14.483000 21.924248
14.488000 21.924758
14.493000 21.925265
14.498000 21.925771
14.503000 21.926274
14.508000 21.926776
14.513000 21.927275
14.518000 21.927773
14.523000 21.928268
14.528000 21.928762
14.533000 21.929253
14.538000 21.929743
14.543000 21.930231
14.548000 21.930716
14.553000 21.931200
14.558000 21.931682
14.563000 21.932162
14.568000 21.932639
14.573000 21.933115
14.578000 21.933589
14.583000 21.934061
14.588000 21.934531
14.593000 21.934999
14.598000 21.935465
14.603000 21.935928
14.608000 21.936390
14.613000 21.936851
14.618000 21.937309
14.623000 21.937765
14.628000 21.938219
14.633000 21.938671
14.638000 21.939121
14.643000 21.939569
14.648000 21.940016
14.653000 21.940460
14.658000 21.940902
14.663000 21.941343
14.668000 21.941781
14.673000 21.942218
14.678000 21.942652
14.683000 21.943085
14.688000 21.943516
14.693000 21.943944
14.698000 21.944371
14.703000 21.944796
14.708000 21.945219
14.713000 21.945639
14.718000 21.946058
14.723000 21.946475
14.728000 21.946890
14.733000 21.947303
14.738000 21.947714
14.743000 21.948124
14.748000 21.948531
14.753000 21.948936
14.758000 21.949340
14.763000 21.949741
14.768000 21.950140
14.773000 21.950538
14.778000 21.950933
14.783000 21.951327
14.788000 21.951719
14.793000 21.952109
14.798000 21.952496
14.803000 21.952882
14.808000 21.953266
14.813000 21.953648
14.818000 21.954028
14.823000 21.954407
14.828000 21.954783
14.833000 21.955157
14.838000 21.955529
14.843000 21.955900
14.848000 21.956268
14.853000 21.956635
14.858000 21.957000
14.863000 21.957362
14.868000 21.957723
14.873000 21.958082
14.878000 21.958439
14.883000 21.958794
14.888000 21.959147
14.893000 21.959498
14.898000 21.959848
14.903000 21.960195
14.908000 21.960540
14.913000 21.960884
14.918000 21.961226
14.923000 21.961565
14.928000 21.961903
14.933000 21.962239
14.938000 21.962573
14.943000 21.962905
14.948000 21.963235
14.953000 21.963563
14.958000 21.963889
14.963000 21.964214
14.968000 21.964536
14.973000 21.964857
14.978000 21.965176
14.983000 21.965492
14.988000 21.965807
14.993000 21.966120
14.998000 21.966431
15.003000 21.966740
15.008000 21.967048
15.013000 21.967353
15.018000 21.967656
15.023000 21.967958
15.028000 21.968257
15.033000 21.968555
15.038000 21.968851
15.043000 21.969145
15.048000 21.969437
15.053000 21.969727
15.058000 21.970015
15.063000 21.970302
15.068000 21.970586
15.073000 21.970869
15.078000 21.971149
15.083000 21.971428
15.088000 21.971705
15.093000 21.971980
15.098000 21.972253
15.103000 21.972525
15.108000 21.972794
15.113000 21.973061
15.118000 21.973327
15.123000 21.973591
15.128000 21.973852
15.133000 21.974112
15.138000 21.974370
15.143000 21.974627
15.148000 21.974881
15.153000 21.975133
15.158000 21.975384
15.163000 21.975632
15.168000 21.975879
15.173000 21.976124
15.178000 21.976367
15.183000 21.976608
15.188000 21.976848
15.193000 21.977085
15.198000 21.977320
15.203000 21.977554
15.208000 21.977786
15.213000 21.978016
15.218000 21.978244
15.223000 21.978470
15.228000 21.978694
15.233000 21.978917
15.238000 21.979137
15.243000 21.979356
15.248000 21.979573
15.253000 21.979788
15.258000 21.980001
15.263000 21.980212
15.268000 21.980422
15.273000 21.980629
15.278000 21.980835
15.283000 21.981039
15.288000 21.981241
15.293000 21.981441
15.298000 21.981639
15.303000 21.981835
15.308000 21.982030
15.313000 21.982223
15.318000 21.982413
15.323000 21.982602
15.328000 21.982789
15.333000 21.982975
15.338000 21.983158
15.343000 21.983340
15.348000 21.983519
15.353000 21.983697
15.358000 21.983873
15.363000 21.984047
15.368000 21.984220
15.373000 21.984390
15.378000 21.984559
15.383000 21.984726
15.388000 21.984891
15.393000 21.985054
15.398000 21.985215
15.403000 21.985374
15.408000 21.985532
15.413000 21.985688
15.418000 21.985842
15.423000 21.985994
15.428000 21.986144
15.433000 21.986292
15.438000 21.986439
15.443000 21.986584
15.448000 21.986727
15.453000 21.986868
15.458000 21.987007
15.463000 21.987144
15.468000 21.987280
15.473000 21.987413
15.478000 21.987545
15.483000 21.987675
15.488000 21.987804
15.493000 21.987930
15.498000 21.988055
15.503000 21.988177
15.508000 21.988298
15.513000 21.988418
15.518000 21.988535
15.523000 21.988650
15.528000 21.988764
15.533000 21.988876
15.538000 21.988986
15.543000 21.989094
15.548000 21.989200
15.553000 21.989305
15.558000 21.989408
15.563000 21.989509
15.568000 21.989608
15.573000 21.989705
15.578000 21.989800
15.583000 21.989894
15.588000 21.989986
15.593000 21.990076
15.598000 21.990164
15.603000 21.990251
15.608000 21.990335
15.613000 21.990418
15.618000 21.990499
15.623000 21.990578
15.628000 21.990656
15.633000 21.990731
15.638000 21.990805
15.643000 21.990877
15.648000 21.990947
15.653000 21.991015
15.658000 21.991082
15.663000 21.991147
15.668000 21.991210
15.673000 21.991271
15.678000 21.991330
15.683000 21.991388
15.688000 21.991443
15.693000 21.991497
15.698000 21.991549
15.703000 21.991600
15.708000 21.991648
15.713000 21.991695
15.718000 21.991740
15.723000 21.991783
15.728000 21.991825
15.733000 21.991864
15.738000 21.991902
15.743000 21.991938
15.748000 21.991972
15.753000 21.992005
15.758000 21.992035
15.763000 21.992064
15.768000 21.992091
15.773000 21.992117
15.778000 21.992140
15.783000 21.992162
15.788000 21.992182
15.793000 21.992200
15.798000 21.992216
15.803000 21.992231
15.808000 21.992244
15.813000 21.992255
15.818000 21.992264
15.823000 21.992272
15.828000 21.992277
15.833000 21.992281
15.838000 21.992283
15.843000 21.992284
15.848000 21.992282
15.853000 21.992279
15.858000 21.992274
15.863000 21.992268
15.868000 21.992259
15.873000 21.992249
15.878000 21.992237
15.883000 21.992223
15.888000 21.992207
15.893000 21.992190
15.898000 21.992171
15.903000 21.992524
15.908000 21.993147
15.913000 21.993768
15.918000 21.994388
15.923000 21.995006
15.928000 21.995622
15.933000 21.996237
15.938000 21.996851
15.943000 21.997462
15.948000 21.998072
15.953000 21.998681
15.958000 21.999287
15.963000 21.999893
15.968000 22.000496
15.973000 22.001098
15.978000 22.001699
15.983000 22.002297
15.988000 22.002895
15.993000 22.003490
15.998000 22.004084
16.003000 22.004676
16.008000 22.005267
16.013000 22.005856
16.018000 22.006444
16.023000 22.007030
16.028000 22.007614
16.033000 22.008197
16.038000 22.008778
16.043000 22.009358
16.048000 22.009935
16.053000 22.010512
16.058000 22.011087
16.063000 22.011660
16.068000 22.012231
16.073000 22.012801
16.078000 22.013370
16.083000 22.013936
16.088000 22.014501
16.093000 22.015065
16.098000 22.015627
16.103000 22.016187
16.108000 22.016746
16.113000 22.017303
16.118000 22.017859
16.123000 22.018413
16.128000 22.018965
16.133000 22.019516
16.138000 22.020066
16.143000 22.020613
16.148000 22.021159
16.153000 22.021704
16.158000 22.022247
16.163000 22.022788
16.168000 22.023328
16.173000 22.023866
16.178000 22.024403
16.183000 22.024938
16.188000 22.025471
16.193000 22.026003
16.198000 22.026533
16.203000 22.027062
16.208000 22.027589
16.213000 22.028114
16.218000 22.028638
16.223000 22.029161
16.228000 22.029681
16.233000 22.030201
16.238000 22.030718
16.243000 22.031234
16.248000 22.031749
16.253000 22.032262
16.258000 22.032773
16.263000 22.033283
16.268000 22.033791
16.273000 22.034297
16.278000 22.034802
16.283000 22.035306
16.288000 22.035808
16.293000 22.036308
16.298000 22.036807
16.303000 22.037304
16.308000 22.037800
16.313000 22.038294
16.318000 22.038786
16.323000 22.039277
16.328000 22.039766
16.333000 22.040254
16.338000 22.040740
16.343000 22.041225
16.348000 22.041708
16.353000 22.042190
16.358000 22.042670
16.363000 22.043148
16.368000 22.043625
16.373000 22.044100
16.378000 22.044574
16.383000 22.045046
16.388000 22.045517
16.393000 22.045986
16.398000 22.046453
16.403000 22.046919
16.408000 22.047384
16.413000 22.047847
16.418000 22.048308
16.423000 22.048768
16.428000 22.049226
16.433000 22.049682
16.438000 22.050137
16.443000 22.050591
16.448000 22.051043
16.453000 22.051493
16.458000 22.051942
16.463000 22.052389
16.468000 22.052835
16.473000 22.053279
16.478000 22.053722
16.483000 22.054163
16.488000 22.054603
16.493000 22.055041
16.498000 22.055477
16.503000 22.055912
16.508000 22.056346
16.513000 22.056777
16.518000 22.057208
16.523000 22.057637
16.528000 22.058064
16.533000 22.058489
16.538000 22.058914
16.543000 22.059336
16.548000 22.059757
16.553000 22.060177
16.558000 22.060595
16.563000 22.061011
16.568000 22.061426
16.573000 22.061839
16.578000 22.062251
16.583000 22.062662
16.588000 22.063070
16.593000 22.063478
16.598000 22.063883
16.603000 22.064287
16.608000 22.064690
16.613000 22.065091
16.618000 22.065491
16.623000 22.065889
16.628000 22.066285
16.633000 22.066680
16.638000 22.067074
16.643000 22.067466
16.648000 22.067856
16.653000 22.068245
16.658000 22.068632
16.663000 22.069018
16.668000 22.069402
16.673000 22.069785
16.678000 22.070166
16.683000 22.070546
16.688000 22.070924
16.693000 22.071301
16.698000 22.071676
16.703000 22.072049
16.708000 22.072422
16.713000 22.072792
16.718000 22.073161
16.723000 22.073529
16.728000 22.073895
16.733000 22.074259
16.738000 22.074622
16.743000 22.074984
16.748000 22.075344
16.753000 22.075702
16.758000 22.076059
16.763000 22.076414
16.768000 22.076768
16.773000 22.077121
16.778000 22.077471
16.783000 22.077821
16.788000 22.078169
16.793000 22.078515
16.798000 22.078860
16.803000 22.079203
16.808000 22.079545
16.813000 22.079885
16.818000 22.080224
16.823000 22.080561
16.828000 22.080897
16.833000 22.081231
16.838000 22.081564
16.843000 22.081895
16.848000 22.082225
16.853000 22.082553
16.858000 22.082880
16.863000 22.083205
16.868000 22.083529
16.873000 22.083851
16.878000 22.084172
16.883000 22.084491
16.888000 22.084808
16.893000 22.085125
16.898000 22.085439
16.903000 22.085753
16.908000 22.086064
16.913000 22.086374
16.918000 22.086683
16.923000 22.086990
16.928000 22.087296
16.933000 22.087600
16.938000 22.087903
16.943000 22.088204
16.948000 22.088504
16.953000 22.088802
16.958000 22.089099
16.963000 22.089394
16.968000 22.089688
16.973000 22.089980
16.978000 22.090271
16.983000 22.090560
16.988000 22.090848
16.993000 22.091134
16.998000 22.091419
17.003000 22.091703
17.008000 22.091984
17.013000 22.092265
17.018000 22.092544
17.023000 22.092821
17.028000 22.093097
17.033000 22.093371
17.038000 22.093644
17.043000 22.093916
17.048000 22.094186
17.053000 22.094454
17.058000 22.094721
17.063000 22.094987
17.068000 22.095251
17.073000 22.095513
17.078000 22.095774
17.083000 22.096034
17.088000 22.096292
17.093000 22.096549
17.098000 22.096804
17.103000 22.097058
17.108000 22.097310
17.113000 22.097560
17.118000 22.097810
17.123000 22.098057
17.128000 22.098304
17.133000 22.098549
17.138000 22.098792
17.143000 22.099034
17.148000 22.099274
17.153000 22.099513
17.158000 22.099751
17.163000 22.099987
17.168000 22.100221
17.173000 22.100454
17.178000 22.100686
17.183000 22.100916
17.188000 22.101145
17.193000 22.101372
17.198000 22.101597
17.203000 22.101822
17.208000 22.102045
17.213000 22.102266
17.218000 22.102486
17.223000 22.102704
17.228000 22.102921
17.233000 22.103136
17.238000 22.103350
17.243000 22.103563
17.248000 22.103774
17.253000 22.103984
17.258000 22.104192
17.263000 22.104399
17.268000 22.104604
17.273000 22.104808
17.278000 22.105010
17.283000 22.105211
17.288000 22.105410
17.293000 22.105608
17.298000 22.105805
17.303000 22.106000
17.308000 22.106193
17.313000 22.106385
17.318000 22.106576
17.323000 22.106765
17.328000 22.106953
17.333000 22.107139
17.338000 22.107324
17.343000 22.107508
17.348000 22.107689
17.353000 22.107870
17.358000 22.108049
17.363000 22.108227
17.368000 22.108403
17.373000 22.108578
17.378000 22.108751
