0.003000 0.000000
0.008000 0.000000
0.013000 0.000000
0.018000 0.000000
0.023000 0.000000
0.028000 0.000000
0.033000 0.000000
0.038000 0.000000
0.043000 0.000000
0.048000 0.000000
0.053000 8.609908
0.058000 8.744754
0.063000 8.894362
0.068000 9.013743
0.073000 9.202758
0.078000 9.349184
0.083000 9.575520
0.088000 9.792389
0.093000 9.981473
0.098000 10.274278
0.103000 10.570460
0.108000 10.850974
0.113000 11.116263
0.118000 11.366747
0.123000 11.676731
0.128000 12.007279
0.133000 12.329923
0.138000 12.644816
0.143000 12.952107
0.148000 13.251935
0.153000 13.544433
0.158000 13.829729
0.163000 14.107945
0.168000 14.379200
0.173000 14.643608
0.178000 14.905525
0.183000 15.162637
0.188000 15.413451
0.193000 15.658063
0.198000 15.896564
0.203000 16.129042
0.208000 16.355583
0.213000 16.576271
0.218000 16.791189
0.223000 17.000416
0.228000 17.204030
0.233000 17.393867
0.238000 17.536264
0.243000 17.671976
0.248000 17.801110
0.253000 17.923773
0.258000 18.040070
0.263000 18.150103
0.268000 18.251969
0.273000 18.300807
0.278000 18.342837
0.283000 18.378194
0.288000 18.407012
0.293000 18.415912
0.298000 18.389318
0.303000 18.356112
0.308000 18.316456
0.313000 18.270510
0.318000 18.184684
0.323000 18.089737
0.328000 17.988785
0.333000 17.882013
0.338000 17.770184
0.343000 17.652983
0.348000 17.532141
0.353000 17.422263
0.358000 17.307467
0.363000 17.203456
0.368000 17.095433
0.373000 16.982961
0.378000 16.887026
0.383000 16.806294
0.388000 16.721575
0.393000 16.632974
0.398000 16.540597
0.403000 16.458291
0.408000 16.397697
0.413000 16.333721
0.418000 16.266441
0.423000 16.195935
0.428000 16.122279
0.433000 16.065414
0.438000 16.016177
0.443000 15.964098
0.448000 15.909235
0.453000 15.851647
0.458000 15.791390
0.463000 15.739575
0.468000 15.709300
0.473000 15.676649
0.478000 15.641664
0.483000 15.604387
0.488000 15.564857
0.493000 15.523115
0.498000 15.486428
0.503000 15.462526
0.508000 15.436618
0.513000 15.408737
0.518000 15.378914
0.523000 15.347180
0.528000 15.313565
0.533000 15.278100
0.538000 15.255642
0.543000 15.240830
0.548000 15.224357
0.553000 15.206245
0.558000 15.186517
0.563000 15.165197
0.568000 15.142305
0.573000 15.117864
0.578000 15.094350
0.583000 15.088491
0.588000 15.081246
0.593000 15.072632
0.598000 15.062664
0.603000 15.051359
0.608000 15.038733
0.613000 15.024802
0.618000 15.009581
0.623000 14.993088
0.628000 14.985114
0.633000 14.979959
0.638000 14.973638
0.643000 14.966164
0.648000 14.957549
0.653000 14.947805
0.658000 14.936946
0.663000 14.924984
0.668000 14.911931
0.673000 14.897799
0.678000 14.889427
0.683000 14.891035
0.688000 14.891679
0.693000 14.891368
0.698000 14.890111
0.703000 14.887918
0.708000 14.884796
0.713000 14.880756
0.718000 14.875805
0.723000 14.869952
0.728000 14.863206
0.733000 14.855577
0.738000 14.857723
0.743000 14.861198
0.748000 14.863871
0.753000 14.865747
0.758000 14.866834
0.763000 14.867138
0.768000 14.866666
0.773000 14.865425
0.778000 14.863421
0.783000 14.860660
0.788000 14.857150
0.793000 14.852896
0.798000 14.849177
0.803000 14.854916
0.808000 14.859980
0.813000 14.864374
0.818000 14.868103
0.823000 14.871172
0.828000 14.873586
0.833000 14.875350
0.838000 14.876469
0.843000 14.876948
0.848000 14.876791
0.853000 14.876005
0.858000 14.874593
0.863000 14.872560
0.868000 14.870413
0.873000 14.877664
0.878000 14.884352
0.883000 14.890480
0.888000 14.896053
0.893000 14.901074
0.898000 14.905547
0.903000 14.909476
0.908000 14.912864
0.913000 14.915715
0.918000 14.918033
0.923000 14.919821
0.928000 14.921083
0.933000 14.921822
0.938000 14.922043
0.943000 14.921748
0.948000 14.923576
0.953000 14.932212
0.958000 14.940382
0.963000 14.948089
0.968000 14.955336
0.973000 14.962126
0.978000 14.968461
0.983000 14.974344
0.988000 14.979778
0.993000 14.984765
0.998000 14.989309
1.003000 14.993411
1.008000 14.997074
1.013000 15.000302
1.018000 15.003097
1.023000 15.005461
1.028000 15.007396
1.033000 15.008907
1.038000 15.015398
1.043000 15.024818
1.048000 15.033853
1.053000 15.042505
1.058000 15.050775
1.063000 15.058667
1.068000 15.066182
1.073000 15.073321
1.078000 15.080088
1.083000 15.086484
1.088000 15.092510
1.093000 15.098169
1.098000 15.103464
1.103000 15.108395
1.108000 15.112965
1.113000 15.117175
1.118000 15.121029
1.123000 15.124526
1.128000 15.127671
1.133000 15.130464
1.138000 15.136864
1.143000 15.146233
1.148000 15.155281
1.153000 15.164011
1.158000 15.172423
1.163000 15.180519
1.168000 15.188300
1.173000 15.195769
1.178000 15.202925
1.183000 15.209772
1.188000 15.216311
1.193000 15.222542
1.198000 15.228468
1.203000 15.234090
1.208000 15.239409
1.213000 15.244427
1.218000 15.249145
1.223000 15.253565
1.228000 15.257688
1.233000 15.261516
1.238000 15.265050
1.243000 15.268291
1.248000 15.271241
1.253000 15.275377
1.258000 15.285050
1.263000 15.294459
1.268000 15.303606
1.273000 15.312493
1.278000 15.321119
1.283000 15.329487
1.288000 15.337597
1.293000 15.345450
1.298000 15.353048
1.303000 15.360391
1.308000 15.367481
1.313000 15.374319
1.318000 15.380905
1.323000 15.387242
1.328000 15.393329
1.333000 15.399169
1.338000 15.404761
1.343000 15.410107
1.348000 15.415209
1.353000 15.420067
1.358000 15.424682
1.363000 15.429056
1.368000 15.433189
1.373000 15.437082
1.378000 15.440737
1.383000 15.444154
1.388000 15.447335
1.393000 15.456040
1.398000 15.464967
1.403000 15.473679
1.408000 15.482176
1.413000 15.490460
1.418000 15.498531
1.423000 15.506390
1.428000 15.514038
1.433000 15.521475
1.438000 15.528703
1.443000 15.535722
1.448000 15.542533
1.453000 15.549137
1.458000 15.555535
1.463000 15.561726
1.468000 15.567714
1.473000 15.573497
1.478000 15.579076
1.483000 15.584454
1.488000 15.589629
1.493000 15.594604
1.498000 15.599379
1.503000 15.603954
1.508000 15.608331
1.513000 15.612509
1.518000 15.616491
1.523000 15.620276
1.528000 15.623866
1.533000 15.627261
1.538000 15.630462
1.543000 15.633470
1.548000 15.636285
1.553000 15.641018
1.558000 15.649721
1.563000 15.658250
1.568000 15.666606
1.573000 15.674789
1.578000 15.682801
1.583000 15.690641
1.588000 15.698311
1.593000 15.705811
1.598000 15.713141
1.603000 15.720302
1.608000 15.727294
1.613000 15.734119
1.618000 15.740777
1.623000 15.747267
1.628000 15.753592
1.633000 15.759751
1.638000 15.765745
1.643000 15.771574
1.648000 15.777239
1.653000 15.782742
1.658000 15.788081
1.663000 15.793258
1.668000 15.798273
1.673000 15.803127
1.678000 15.807820
1.683000 15.812354
1.688000 15.816727
1.693000 15.820942
1.698000 15.824998
1.703000 15.828897
1.708000 15.832638
1.713000 15.836222
1.718000 15.839650
1.723000 15.842922
1.728000 15.846039
1.733000 15.849001
1.738000 15.851809
1.743000 15.854464
1.748000 15.857566
1.753000 15.865205
1.758000 15.872704
1.763000 15.880063
1.768000 15.887284
1.773000 15.894367
1.778000 15.901312
1.783000 15.908119
1.788000 15.914790
1.793000 15.921324
1.798000 15.927721
1.803000 15.933983
1.808000 15.940109
1.813000 15.946101
1.818000 15.951958
1.823000 15.957681
1.828000 15.963269
1.833000 15.968725
1.838000 15.974048
1.843000 15.979238
1.848000 15.984296
1.853000 15.989222
1.858000 15.994016
1.863000 15.998680
1.868000 16.003213
1.873000 16.007617
1.878000 16.011890
1.883000 16.016034
1.888000 16.020049
1.893000 16.023935
1.898000 16.027693
1.903000 16.031323
1.908000 16.034826
1.913000 16.038202
1.918000 16.041451
1.923000 16.044574
1.928000 16.047571
1.933000 16.050443
1.938000 16.053189
1.943000 16.055811
1.948000 16.058309
1.953000 16.060682
1.958000 16.062932
1.963000 16.065059
1.968000 16.067063
1.973000 16.068945
1.978000 16.070704
1.983000 16.074352
1.988000 16.081084
1.993000 16.087707
1.998000 16.094219
2.003000 16.100622
2.008000 16.106916
2.013000 16.113100
2.018000 16.119176
2.023000 16.125144
2.028000 16.131003
2.033000 16.136755
2.038000 16.142399
2.043000 16.147935
2.048000 16.153365
2.053000 16.158688
2.058000 16.163905
2.063000 16.169015
2.068000 16.174020
2.073000 16.178919
2.078000 16.183713
2.083000 16.188401
2.088000 16.192986
2.093000 16.197465
2.098000 16.201841
2.103000 16.206112
2.108000 16.210280
2.113000 16.214345
2.118000 16.218306
2.123000 16.222165
2.128000 16.225921
2.133000 16.229575
2.138000 16.233127
2.143000 16.236578
2.148000 16.239927
2.153000 16.243174
2.158000 16.246322
2.163000 16.249368
2.168000 16.252314
2.173000 16.255160
2.178000 16.257906
2.183000 16.260553
2.188000 16.263101
2.193000 16.265549
2.198000 16.267899
2.203000 16.270151
2.208000 16.272304
2.213000 16.274360
2.218000 16.276318
2.223000 16.278178
2.228000 16.279942
2.233000 16.281608
2.238000 16.283178
2.243000 16.284652
2.248000 16.286030
2.253000 16.287312
2.258000 16.289633
2.263000 16.295603
2.268000 16.301487
2.273000 16.307285
2.278000 16.312997
2.283000 16.318624
2.288000 16.324165
2.293000 16.329621
2.298000 16.334992
2.303000 16.340278
2.308000 16.345480
2.313000 16.350598
2.318000 16.355631
2.323000 16.360580
2.328000 16.365445
2.333000 16.370227
2.338000 16.374925
2.343000 16.379540
2.348000 16.384073
2.353000 16.388522
2.358000 16.392888
2.363000 16.397173
2.368000 16.401375
2.373000 16.405495
2.378000 16.409533
2.383000 16.413489
2.388000 16.417364
2.393000 16.421158
2.398000 16.424870
2.403000 16.428502
2.408000 16.432053
2.413000 16.435523
2.418000 16.438913
2.423000 16.442223
2.428000 16.445453
2.433000 16.448604
2.438000 16.451674
2.443000 16.454666
2.448000 16.457578
2.453000 16.460411
2.458000 16.463165
2.463000 16.465841
2.468000 16.468438
2.473000 16.470957
2.478000 16.473398
2.483000 16.475761
2.488000 16.478046
2.493000 16.480254
2.498000 16.482385
2.503000 16.484438
2.508000 16.486415
2.513000 16.488314
2.518000 16.490137
2.523000 16.491884
2.528000 16.493554
2.533000 16.495149
2.538000 16.496667
2.543000 16.498110
2.548000 16.499477
2.553000 16.500770
2.558000 16.501987
2.563000 16.503129
2.568000 16.504196
2.573000 16.505189
2.578000 16.508087
2.583000 16.513295
2.588000 16.518436
2.593000 16.523509
2.598000 16.528516
2.603000 16.533456
2.608000 16.538329
2.613000 16.543135
2.618000 16.547876
2.623000 16.552550
2.628000 16.557158
2.633000 16.561700
2.638000 16.566176
2.643000 16.570587
2.648000 16.574932
2.653000 16.579211
2.658000 16.583426
2.663000 16.587575
2.668000 16.591659
2.673000 16.595678
2.678000 16.599633
2.683000 16.603523
2.688000 16.607348
2.693000 16.611109
2.698000 16.614806
2.703000 16.618439
2.708000 16.622008
2.713000 16.625513
2.718000 16.628954
2.723000 16.632332
2.728000 16.635646
2.733000 16.638897
2.738000 16.642085
2.743000 16.645210
2.748000 16.648272
2.753000 16.651271
2.758000 16.654208
2.763000 16.657082
2.768000 16.659894
2.773000 16.662643
2.778000 16.665330
2.783000 16.667956
2.788000 16.670519
2.793000 16.673021
2.798000 16.675461
2.803000 16.677840
2.808000 16.680157
2.813000 16.682413
2.818000 16.684608
2.823000 16.686742
2.828000 16.688815
2.833000 16.690828
2.838000 16.692780
2.843000 16.694671
2.848000 16.696503
2.853000 16.698274
2.858000 16.699984
2.863000 16.701635
2.868000 16.703227
2.873000 16.704758
2.878000 16.706230
2.883000 16.707642
2.888000 16.708996
2.893000 16.710290
2.898000 16.711524
2.903000 16.712700
2.908000 16.713818
2.913000 16.714876
2.918000 16.715876
2.923000 16.716818
2.928000 16.717701
2.933000 16.718526
2.938000 16.719293
2.943000 16.722021
2.948000 16.726495
2.953000 16.730916
2.958000 16.735286
2.963000 16.739603
2.968000 16.743868
2.973000 16.748080
2.978000 16.752241
2.983000 16.756350
2.988000 16.760407
2.993000 16.764412
2.998000 16.768366
3.003000 16.772268
3.008000 16.776119
3.013000 16.779918
3.018000 16.783667
3.023000 16.787364
3.028000 16.791010
3.033000 16.794605
3.038000 16.798149
3.043000 16.801642
3.048000 16.805085
3.053000 16.808477
3.058000 16.811818
3.063000 16.815110
3.068000 16.818351
3.073000 16.821541
3.078000 16.824682
3.083000 16.827772
3.088000 16.830813
3.093000 16.833803
3.098000 16.836744
3.103000 16.839635
3.108000 16.842477
3.113000 16.845269
3.118000 16.848011
3.123000 16.850705
3.128000 16.853349
3.133000 16.855944
3.138000 16.858490
3.143000 16.860987
3.148000 16.863435
3.153000 16.865834
3.158000 16.868185
3.163000 16.870487
3.168000 16.872740
3.173000 16.874945
3.178000 16.877102
3.183000 16.879211
3.188000 16.881271
3.193000 16.883283
3.198000 16.885247
3.203000 16.887164
3.208000 16.889032
3.213000 16.890853
3.218000 16.892627
3.223000 16.894352
3.228000 16.896031
3.233000 16.897662
3.238000 16.899245
3.243000 16.900782
3.248000 16.902271
3.253000 16.903713
3.258000 16.905109
3.263000 16.906457
3.268000 16.907759
3.273000 16.909014
3.278000 16.910223
3.283000 16.911385
3.288000 16.912501
3.293000 16.913570
3.298000 16.914594
3.303000 16.915571
3.308000 16.916502
3.313000 16.917387
3.318000 16.918226
3.323000 16.919019
3.328000 16.919767
3.333000 16.920469
3.338000 16.921125
3.343000 16.921736
3.348000 16.922302
3.353000 16.922823
3.358000 16.923298
3.363000 16.926956
3.368000 16.930672
3.373000 16.934348
3.378000 16.937982
3.383000 16.941576
3.388000 16.945128
3.393000 16.948640
3.398000 16.952112
3.403000 16.955542
3.408000 16.958932
3.413000 16.962282
3.418000 16.965591
3.423000 16.968860
3.428000 16.972089
3.433000 16.975277
3.438000 16.978425
3.443000 16.981534
3.448000 16.984602
3.453000 16.987630
3.458000 16.990618
3.463000 16.993566
3.468000 16.996475
3.473000 16.999344
3.478000 17.002173
3.483000 17.004963
3.488000 17.007713
3.493000 17.010424
3.498000 17.013095
3.503000 17.015727
3.508000 17.018320
3.513000 17.020873
3.518000 17.023388
3.523000 17.025863
3.528000 17.028299
3.533000 17.030697
3.538000 17.033055
3.543000 17.035375
3.548000 17.037656
3.553000 17.039898
3.558000 17.042101
3.563000 17.044266
3.568000 17.046393
3.573000 17.048481
3.578000 17.050531
3.583000 17.052542
3.588000 17.054515
3.593000 17.056450
3.598000 17.058346
3.603000 17.060205
3.608000 17.062026
3.613000 17.063808
3.618000 17.065553
3.623000 17.067260
3.628000 17.068930
3.633000 17.070561
3.638000 17.072155
3.643000 17.073711
3.648000 17.075230
3.653000 17.076711
3.658000 17.078155
3.663000 17.079562
3.668000 17.080931
3.673000 17.082263
3.678000 17.083558
3.683000 17.084816
3.688000 17.086037
3.693000 17.087221
3.698000 17.088368
3.703000 17.089478
3.708000 17.090552
3.713000 17.091588
3.718000 17.092588
3.723000 17.093552
3.728000 17.094479
3.733000 17.095369
3.738000 17.096223
3.743000 17.097041
3.748000 17.097822
3.753000 17.098567
3.758000 17.099276
3.763000 17.099949
3.768000 17.100585
3.773000 17.101186
3.778000 17.101751
3.783000 17.102280
3.788000 17.102773
3.793000 17.103230
3.798000 17.103652
3.803000 17.104038
3.808000 17.104388
3.813000 17.104703
3.818000 17.104983
3.823000 17.105227
3.828000 17.105436
3.833000 17.105609
3.838000 17.108119
3.843000 17.111541
3.848000 17.114931
3.853000 17.118289
3.858000 17.121616
3.863000 17.124912
3.868000 17.128175
3.873000 17.131408
3.878000 17.134608
3.883000 17.137778
3.888000 17.140916
3.893000 17.144023
3.898000 17.147099
3.903000 17.150143
3.908000 17.153156
3.913000 17.156139
3.918000 17.159090
3.923000 17.162010
3.928000 17.164899
3.933000 17.167757
3.938000 17.170584
3.943000 17.173381
3.948000 17.176147
3.953000 17.178881
3.958000 17.181586
3.963000 17.184259
3.968000 17.186902
3.973000 17.189514
3.978000 17.192096
3.983000 17.194647
3.988000 17.197168
3.993000 17.199658
3.998000 17.202118
4.003000 17.204547
4.008000 17.206947
4.013000 17.209316
4.018000 17.211654
4.023000 17.213963
4.028000 17.216242
4.033000 17.218490
4.038000 17.220709
4.043000 17.222897
4.048000 17.225055
4.053000 17.227184
4.058000 17.229283
4.063000 17.231351
4.068000 17.233390
4.073000 17.235400
4.078000 17.237379
4.083000 17.239329
4.088000 17.241250
4.093000 17.243140
4.098000 17.245002
4.103000 17.246833
4.108000 17.248635
4.113000 17.250408
4.118000 17.252152
4.123000 17.253866
4.128000 17.255551
4.133000 17.257206
4.138000 17.258833
4.143000 17.260430
4.148000 17.261998
4.153000 17.263537
4.158000 17.265047
4.163000 17.266528
4.168000 17.267980
4.173000 17.269404
4.178000 17.270798
4.183000 17.272163
4.188000 17.273500
4.193000 17.274808
4.198000 17.276087
4.203000 17.277338
4.208000 17.278560
4.213000 17.279753
4.218000 17.280918
4.223000 17.282054
4.228000 17.283162
4.233000 17.284241
4.238000 17.285292
4.243000 17.286315
4.248000 17.287310
4.253000 17.288276
4.258000 17.289214
4.263000 17.290123
4.268000 17.291005
4.273000 17.291859
4.278000 17.292684
4.283000 17.293482
4.288000 17.294251
4.293000 17.294993
4.298000 17.295706
4.303000 17.296392
4.308000 17.297050
4.313000 17.297680
4.318000 17.298283
4.323000 17.298858
4.328000 17.299405
4.333000 17.299924
4.338000 17.300416
4.343000 17.300881
4.348000 17.301318
4.353000 17.301727
4.358000 17.302109
4.363000 17.302464
4.368000 17.302791
4.373000 17.303091
4.378000 17.304273
4.383000 17.307084
4.388000 17.309870
4.393000 17.312632
4.398000 17.315369
4.403000 17.318081
4.408000 17.320768
4.413000 17.323431
4.418000 17.326069
4.423000 17.328682
4.428000 17.331271
4.433000 17.333835
4.438000 17.336375
4.443000 17.338890
4.448000 17.341380
4.453000 17.343846
4.458000 17.346288
4.463000 17.348705
4.468000 17.351098
4.473000 17.353467
4.478000 17.355811
4.483000 17.358131
4.488000 17.360427
4.493000 17.362699
4.498000 17.364946
4.503000 17.367169
4.508000 17.369368
4.513000 17.371543
4.518000 17.373694
4.523000 17.375821
4.528000 17.377924
4.533000 17.380003
4.538000 17.382058
4.543000 17.384089
4.548000 17.386096
4.553000 17.388079
4.558000 17.390039
4.563000 17.391975
4.568000 17.393887
4.573000 17.395775
4.578000 17.397639
4.583000 17.399480
4.588000 17.401297
4.593000 17.403091
4.598000 17.404861
4.603000 17.406607
4.608000 17.408330
4.613000 17.410029
4.618000 17.411705
4.623000 17.413358
4.628000 17.414987
4.633000 17.416592
4.638000 17.418175
4.643000 17.419734
4.648000 17.421269
4.653000 17.422782
4.658000 17.424271
4.663000 17.425737
4.668000 17.427180
4.673000 17.428599
4.678000 17.429996
4.683000 17.431369
4.688000 17.432720
4.693000 17.434047
4.698000 17.435351
4.703000 17.436633
4.708000 17.437891
4.713000 17.439127
4.718000 17.440339
4.723000 17.441529
4.728000 17.442696
4.733000 17.443840
4.738000 17.444961
4.743000 17.446060
4.748000 17.447136
4.753000 17.448189
4.758000 17.449220
4.763000 17.450228
4.768000 17.451213
4.773000 17.452176
4.778000 17.453116
4.783000 17.454034
4.788000 17.454929
4.793000 17.455802
4.798000 17.456652
4.803000 17.457480
4.808000 17.458286
4.813000 17.459069
4.818000 17.459830
4.823000 17.460569
4.828000 17.461285
4.833000 17.461979
4.838000 17.462651
4.843000 17.463301
4.848000 17.463929
4.853000 17.464535
4.858000 17.465118
4.863000 17.465679
4.868000 17.466219
4.873000 17.466736
4.878000 17.467232
4.883000 17.467705
4.888000 17.468157
4.893000 17.468587
4.898000 17.468994
4.903000 17.469380
4.908000 17.469745
4.913000 17.470087
4.918000 17.470408
4.923000 17.470707
4.928000 17.470984
4.933000 17.471240
4.938000 17.471474
4.943000 17.471686
4.948000 17.471877
4.953000 17.472046
4.958000 17.472194
4.963000 17.472320
4.968000 17.472425
4.973000 17.472508
4.978000 17.472570
4.983000 17.472611
4.988000 17.473333
4.993000 17.475753
4.998000 17.478153
5.003000 17.480534
5.008000 17.482895
5.013000 17.485237
5.018000 17.487560
5.023000 17.489864
5.028000 17.492148
5.033000 17.494413
5.038000 17.496659
5.043000 17.498885
5.048000 17.501093
5.053000 17.503281
5.058000 17.505450
5.063000 17.507600
5.068000 17.509731
5.073000 17.511843
5.078000 17.513935
5.083000 17.516009
5.088000 17.518064
5.093000 17.520099
5.098000 17.522116
5.103000 17.524114
5.108000 17.526092
5.113000 17.528052
5.118000 17.529993
5.123000 17.531915
5.128000 17.533818
5.133000 17.535703
5.138000 17.537568
5.143000 17.539415
5.148000 17.541243
5.153000 17.543052
5.158000 17.544843
5.163000 17.546614
5.168000 17.548367
5.173000 17.550102
5.178000 17.551818
5.183000 17.553515
5.188000 17.555193
5.193000 17.556853
5.198000 17.558495
5.203000 17.560117
5.208000 17.561722
5.213000 17.563307
5.218000 17.564875
5.223000 17.566424
5.228000 17.567954
5.233000 17.569466
5.238000 17.570959
5.243000 17.572435
5.248000 17.573891
5.253000 17.575330
5.258000 17.576750
5.263000 17.578152
5.268000 17.579535
5.273000 17.580901
5.278000 17.582248
5.283000 17.583577
5.288000 17.584887
5.293000 17.586180
5.298000 17.587454
5.303000 17.588710
5.308000 17.589948
5.313000 17.591168
5.318000 17.592370
5.323000 17.593554
5.328000 17.594719
5.333000 17.595867
5.338000 17.596997
5.343000 17.598109
5.348000 17.599202
5.353000 17.600278
5.358000 17.601336
5.363000 17.602376
5.368000 17.603398
5.373000 17.604403
5.378000 17.605389
5.383000 17.606358
5.388000 17.607308
5.393000 17.608242
5.398000 17.609157
5.403000 17.610054
5.408000 17.610934
5.413000 17.611796
5.418000 17.612641
5.423000 17.613467
5.428000 17.614277
5.433000 17.615068
5.438000 17.615842
5.443000 17.616598
5.448000 17.617337
5.453000 17.618058
5.458000 17.618762
5.463000 17.619448
5.468000 17.620117
5.473000 17.620768
5.478000 17.621402
5.483000 17.622018
5.488000 17.622617
5.493000 17.623199
5.498000 17.623763
5.503000 17.624310
5.508000 17.624840
5.513000 17.625352
5.518000 17.625847
5.523000 17.626325
5.528000 17.626785
5.533000 17.627228
5.538000 17.627654
5.543000 17.628063
5.548000 17.628455
5.553000 17.628829
5.558000 17.629187
5.563000 17.629527
5.568000 17.629850
5.573000 17.630156
5.578000 17.630445
5.583000 17.630718
5.588000 17.630973
5.593000 17.631211
5.598000 17.631432
5.603000 17.631636
5.608000 17.631823
5.613000 17.631993
5.618000 17.632146
5.623000 17.632283
5.628000 17.632403
5.633000 17.632505
5.638000 17.632591
5.643000 17.632660
5.648000 17.632713
5.653000 17.632748
5.658000 17.632767
5.663000 17.632769
5.668000 17.632755
5.673000 17.632723
5.678000 17.632676
5.683000 17.634800
5.688000 17.636935
5.693000 17.639055
5.698000 17.641161
5.703000 17.643251
5.708000 17.645326
5.713000 17.647387
5.718000 17.649432
5.723000 17.651462
5.728000 17.653477
5.733000 17.655477
5.738000 17.657463
5.743000 17.659433
5.748000 17.661388
5.753000 17.663329
5.758000 17.665254
5.763000 17.667165
5.768000 17.669061
5.773000 17.670942
5.778000 17.672808
5.783000 17.674659
5.788000 17.676496
5.793000 17.678317
5.798000 17.680124
5.803000 17.681916
5.808000 17.683693
5.813000 17.685456
5.818000 17.687204
5.823000 17.688937
5.828000 17.690655
5.833000 17.692359
5.838000 17.694048
5.843000 17.695722
5.848000 17.697382
5.853000 17.699027
5.858000 17.700657
5.863000 17.702273
5.868000 17.703874
5.873000 17.705461
5.878000 17.707033
5.883000 17.708591
5.888000 17.710134
5.893000 17.711662
5.898000 17.713176
5.903000 17.714676
5.908000 17.716161
5.913000 17.717631
5.918000 17.719087
5.923000 17.720529
5.928000 17.721956
5.933000 17.723369
5.938000 17.724767
5.943000 17.726151
5.948000 17.727521
5.953000 17.728876
5.958000 17.730217
5.963000 17.731544
5.968000 17.732856
5.973000 17.734154
5.978000 17.735438
5.983000 17.736708
5.988000 17.737963
5.993000 17.739204
5.998000 17.740431
6.003000 17.741643
6.008000 17.742841
6.013000 17.744026
6.018000 17.745195
6.023000 17.746351
6.028000 17.747493
6.033000 17.748620
6.038000 17.749734
6.043000 17.750833
6.048000 17.751918
6.053000 17.752990
6.058000 17.754047
6.063000 17.755090
6.068000 17.756119
6.073000 17.757134
6.078000 17.758135
6.083000 17.759121
6.088000 17.760094
6.093000 17.761053
6.098000 17.761999
6.103000 17.762930
6.108000 17.763847
6.113000 17.764750
6.118000 17.765639
6.123000 17.766515
6.128000 17.767377
6.133000 17.768224
6.138000 17.769058
6.143000 17.769878
6.148000 17.770685
6.153000 17.771477
6.158000 17.772256
6.163000 17.773021
6.168000 17.773772
6.173000 17.774509
6.178000 17.775233
6.183000 17.775943
6.188000 17.776639
6.193000 17.777321
6.198000 17.777990
6.203000 17.778645
6.208000 17.779287
6.213000 17.779915
6.218000 17.780529
6.223000 17.781130
6.228000 17.781717
6.233000 17.782290
6.238000 17.782850
6.243000 17.783396
6.248000 17.783929
6.253000 17.784448
6.258000 17.784954
6.263000 17.785446
6.268000 17.785925
6.273000 17.786390
6.278000 17.786842
6.283000 17.787280
6.288000 17.787705
6.293000 17.788117
6.298000 17.788515
6.303000 17.788899
6.308000 17.789271
6.313000 17.789628
6.318000 17.789973
6.323000 17.790304
6.328000 17.790622
6.333000 17.790927
6.338000 17.791218
6.343000 17.791496
6.348000 17.791760
6.353000 17.792012
6.358000 17.792250
6.363000 17.792475
6.368000 17.792686
6.373000 17.792885
6.378000 17.793070
6.383000 17.793242
6.388000 17.793401
6.393000 17.793547
6.398000 17.793679
6.403000 17.793799
6.408000 17.793905
6.413000 17.793998
6.418000 17.794078
6.423000 17.794145
6.428000 17.794199
6.433000 17.794240
6.438000 17.794268
6.443000 17.794283
6.448000 17.794285
6.453000 17.794273
6.458000 17.794249
6.463000 17.794212
6.468000 17.795146
6.473000 17.797027
6.478000 17.798896
6.483000 17.800753
6.488000 17.802599
6.493000 17.804433
6.498000 17.806255
6.503000 17.808065
6.508000 17.809864
6.513000 17.811651
6.518000 17.813426
6.523000 17.815190
6.528000 17.816942
6.533000 17.818682
6.538000 17.820411
6.543000 17.822128
6.548000 17.823833
6.553000 17.825527
6.558000 17.827209
6.563000 17.828880
6.568000 17.830539
6.573000 17.832186
6.578000 17.833822
6.583000 17.835446
6.588000 17.837059
6.593000 17.838660
6.598000 17.840250
6.603000 17.841828
6.608000 17.843395
6.613000 17.844950
6.618000 17.846493
6.623000 17.848025
6.628000 17.849546
6.633000 17.851055
6.638000 17.852553
6.643000 17.854039
6.648000 17.855514
6.653000 17.856978
6.658000 17.858430
6.663000 17.859870
6.668000 17.861300
6.673000 17.862717
6.678000 17.864124
6.683000 17.865519
6.688000 17.866903
6.693000 17.868275
6.698000 17.869636
6.703000 17.870986
6.708000 17.872324
6.713000 17.873651
6.718000 17.874967
6.723000 17.876272
6.728000 17.877565
6.733000 17.878847
6.738000 17.880118
6.743000 17.881377
6.748000 17.882625
6.753000 17.883862
6.758000 17.885088
6.763000 17.886303
6.768000 17.887506
6.773000 17.888698
6.778000 17.889879
6.783000 17.891049
6.788000 17.892208
6.793000 17.893355
6.798000 17.894491
6.803000 17.895617
6.808000 17.896731
6.813000 17.897834
6.818000 17.898925
6.823000 17.900006
6.828000 17.901076
6.833000 17.902134
6.838000 17.903182
6.843000 17.904218
6.848000 17.905244
6.853000 17.906258
6.858000 17.907261
6.863000 17.908254
6.868000 17.909235
6.873000 17.910205
6.878000 17.911165
6.883000 17.912113
6.888000 17.913050
6.893000 17.913977
6.898000 17.914892
6.903000 17.915797
6.908000 17.916690
6.913000 17.917573
6.918000 17.918444
6.923000 17.919305
6.928000 17.920155
6.933000 17.920994
6.938000 17.921822
6.943000 17.922639
6.948000 17.923446
6.953000 17.924241
6.958000 17.925026
6.963000 17.925800
6.968000 17.926563
6.973000 17.927315
6.978000 17.928056
6.983000 17.928787
6.988000 17.929507
6.993000 17.930216
6.998000 17.930914
7.003000 17.931602
7.008000 17.932278
7.013000 17.932944
7.018000 17.933600
7.023000 17.934244
7.028000 17.934878
7.033000 17.935501
7.038000 17.936114
7.043000 17.936716
7.048000 17.937307
7.053000 17.937887
7.058000 17.938457
7.063000 17.939016
7.068000 17.939565
7.073000 17.940102
7.078000 17.940630
7.083000 17.941146
7.088000 17.941652
7.093000 17.942148
7.098000 17.942633
7.103000 17.943107
7.108000 17.943571
7.113000 17.944024
7.118000 17.944467
7.123000 17.944899
7.128000 17.945320
7.133000 17.945731
7.138000 17.946132
7.143000 17.946522
7.148000 17.946901
7.153000 17.947270
7.158000 17.947629
7.163000 17.947977
7.168000 17.948315
7.173000 17.948642
7.178000 17.948959
7.183000 17.949265
7.188000 17.949561
7.193000 17.949847
7.198000 17.950122
7.203000 17.950387
7.208000 17.950641
7.213000 17.950885
7.218000 17.951119
7.223000 17.951342
7.228000 17.951555
7.233000 17.951757
7.238000 17.951950
7.243000 17.952132
7.248000 17.952303
7.253000 17.952465
7.258000 17.952616
7.263000 17.952757
7.268000 17.952887
7.273000 17.953007
7.278000 17.953117
7.283000 17.953217
7.288000 17.953307
7.293000 17.953386
7.298000 17.953455
7.303000 17.953514
7.308000 17.953563
7.313000 17.953601
7.318000 17.953629
7.323000 17.953648
7.328000 17.953655
7.333000 17.953653
7.338000 17.953641
7.343000 17.953618
7.348000 17.953586
7.353000 17.953543
7.358000 17.953490
7.363000 17.954343
7.368000 17.956015
7.373000 17.957679
7.378000 17.959333
7.383000 17.960977
7.388000 17.962613
7.393000 17.964240
7.398000 17.965857
7.403000 17.967466
7.408000 17.969065
7.413000 17.970655
7.418000 17.972236
7.423000 17.973808
7.428000 17.975371
7.433000 17.976925
7.438000 17.978469
7.443000 17.980005
7.448000 17.981532
7.453000 17.983049
7.458000 17.984558
7.463000 17.986057
7.468000 17.987548
7.473000 17.989029
7.478000 17.990501
7.483000 17.991965
7.488000 17.993419
7.493000 17.994865
7.498000 17.996301
7.503000 17.997728
7.508000 17.999147
7.513000 18.000556
7.518000 18.001957
7.523000 18.003348
7.528000 18.004731
7.533000 18.006104
7.538000 18.007469
7.543000 18.008825
7.548000 18.010172
7.553000 18.011510
7.558000 18.012839
7.563000 18.014159
7.568000 18.015470
7.573000 18.016772
7.578000 18.018066
7.583000 18.019350
7.588000 18.020626
7.593000 18.021892
7.598000 18.023150
7.603000 18.024400
7.608000 18.025640
7.613000 18.026871
7.618000 18.028094
7.623000 18.029307
7.628000 18.030512
7.633000 18.031708
7.638000 18.032896
7.643000 18.034074
7.648000 18.035244
7.653000 18.036405
7.658000 18.037557
7.663000 18.038700
7.668000 18.039835
7.673000 18.040961
7.678000 18.042078
7.683000 18.043186
7.688000 18.044286
7.693000 18.045377
7.698000 18.046459
7.703000 18.047532
7.708000 18.048597
7.713000 18.049653
7.718000 18.050700
7.723000 18.051739
7.728000 18.052769
7.733000 18.053790
7.738000 18.054803
7.743000 18.055807
7.748000 18.056802
7.753000 18.057788
7.758000 18.058766
7.763000 18.059736
7.768000 18.060696
7.773000 18.061648
7.778000 18.062592
7.783000 18.063526
7.788000 18.064453
7.793000 18.065370
7.798000 18.066279
7.803000 18.067179
7.808000 18.068071
7.813000 18.068954
7.818000 18.069829
7.823000 18.070695
7.828000 18.071553
7.833000 18.072402
7.838000 18.073242
7.843000 18.074074
7.848000 18.074897
7.853000 18.075712
7.858000 18.076518
7.863000 18.077316
7.868000 18.078105
7.873000 18.078886
7.878000 18.079659
7.883000 18.080422
7.888000 18.081178
7.893000 18.081924
7.898000 18.082663
7.903000 18.083393
7.908000 18.084114
7.913000 18.084827
7.918000 18.085532
7.923000 18.086228
7.928000 18.086916
7.933000 18.087595
7.938000 18.088266
7.943000 18.088928
7.948000 18.089582
7.953000 18.090228
7.958000 18.090865
7.963000 18.091494
7.968000 18.092115
7.973000 18.092727
7.978000 18.093330
7.983000 18.093926
7.988000 18.094513
7.993000 18.095092
7.998000 18.095662
8.003000 18.096224
8.008000 18.096778
8.013000 18.097323
8.018000 18.097860
8.023000 18.098389
8.028000 18.098909
8.033000 18.099421
8.038000 18.099925
8.043000 18.100421
8.048000 18.100908
8.053000 18.101387
8.058000 18.101858
8.063000 18.102320
8.068000 18.102775
8.073000 18.103221
8.078000 18.103659
8.083000 18.104088
8.088000 18.104509
8.093000 18.104922
8.098000 18.105327
8.103000 18.105724
8.108000 18.106112
8.113000 18.106493
8.118000 18.106865
8.123000 18.107229
8.128000 18.107584
8.133000 18.107932
8.138000 18.108271
8.143000 18.108603
8.148000 18.108926
8.153000 18.109241
8.158000 18.109547
8.163000 18.109846
8.168000 18.110137
8.173000 18.110419
8.178000 18.110693
8.183000 18.110960
8.188000 18.111218
8.193000 18.111468
8.198000 18.111710
8.203000 18.111943
8.208000 18.112169
8.213000 18.112387
8.218000 18.112597
8.223000 18.112798
8.228000 18.112992
8.233000 18.113177
8.238000 18.113355
8.243000 18.113524
8.248000 18.113685
8.253000 18.113839
8.258000 18.113984
8.263000 18.114121
8.268000 18.114251
8.273000 18.114372
8.278000 18.114485
8.283000 18.114591
8.288000 18.114688
8.293000 18.114778
8.298000 18.114859
8.303000 18.114932
8.308000 18.114998
8.313000 18.115056
8.318000 18.115105
8.323000 18.115147
8.328000 18.115181
8.333000 18.115207
8.338000 18.115225
8.343000 18.115235
8.348000 18.115237
8.353000 18.115472
8.358000 18.116931
8.363000 18.118383
8.368000 18.119828
8.373000 18.121266
8.378000 18.122697
8.383000 18.124120
8.388000 18.125536
8.393000 18.126945
8.398000 18.128347
8.403000 18.129742
8.408000 18.131130
8.413000 18.132510
8.418000 18.133884
8.423000 18.135250
8.428000 18.136609
8.433000 18.137961
8.438000 18.139305
8.443000 18.140643
8.448000 18.141974
8.453000 18.143297
8.458000 18.144613
8.463000 18.145923
8.468000 18.147225
8.473000 18.148520
8.478000 18.149808
8.483000 18.151089
8.488000 18.152362
8.493000 18.153629
8.498000 18.154889
8.503000 18.156141
8.508000 18.157387
8.513000 18.158625
8.518000 18.159857
8.523000 18.161081
8.528000 18.162298
8.533000 18.163509
8.538000 18.164712
8.543000 18.165908
8.548000 18.167097
8.553000 18.168279
8.558000 18.169454
8.563000 18.170623
8.568000 18.171784
8.573000 18.172938
8.578000 18.174085
8.583000 18.175225
8.588000 18.176358
8.593000 18.177485
8.598000 18.178604
8.603000 18.179716
8.608000 18.180821
8.613000 18.181919
8.618000 18.183011
8.623000 18.184095
8.628000 18.185173
8.633000 18.186243
8.638000 18.187307
8.643000 18.188363
8.648000 18.189413
8.653000 18.190456
8.658000 18.191491
8.663000 18.192520
8.668000 18.193542
8.673000 18.194557
8.678000 18.195566
8.683000 18.196567
8.688000 18.197561
8.693000 18.198549
8.698000 18.199529
8.703000 18.200503
8.708000 18.201470
8.713000 18.202430
8.718000 18.203383
8.723000 18.204329
8.728000 18.205269
8.733000 18.206201
8.738000 18.207127
8.743000 18.208046
8.748000 18.208958
8.753000 18.209863
8.758000 18.210761
8.763000 18.211653
8.768000 18.212537
8.773000 18.213415
8.778000 18.214286
8.783000 18.215150
8.788000 18.216008
8.793000 18.216858
8.798000 18.217702
8.803000 18.218539
8.808000 18.219370
8.813000 18.220193
8.818000 18.221010
8.823000 18.221820
8.828000 18.222623
8.833000 18.223419
8.838000 18.224209
8.843000 18.224992
8.848000 18.225768
8.853000 18.226537
8.858000 18.227300
8.863000 18.228056
8.868000 18.228805
8.873000 18.229547
8.878000 18.230283
8.883000 18.231012
8.888000 18.231734
8.893000 18.232450
8.898000 18.233159
8.903000 18.233861
8.908000 18.234557
8.913000 18.235245
8.918000 18.235927
8.923000 18.236603
8.928000 18.237272
8.933000 18.237934
8.938000 18.238589
8.943000 18.239238
8.948000 18.239880
8.953000 18.240515
8.958000 18.241144
8.963000 18.241766
8.968000 18.242382
8.973000 18.242990
8.978000 18.243593
8.983000 18.244188
8.988000 18.244777
8.993000 18.245359
8.998000 18.245935
9.003000 18.246504
9.008000 18.247067
9.013000 18.247623
9.018000 18.248172
9.023000 18.248714
9.028000 18.249251
9.033000 18.249780
9.038000 18.250303
9.043000 18.250819
9.048000 18.251329
9.053000 18.251832
9.058000 18.252329
9.063000 18.252819
9.068000 18.253303
9.073000 18.253780
9.078000 18.254250
9.083000 18.254714
9.088000 18.255171
9.093000 18.255622
9.098000 18.256067
9.103000 18.256504
9.108000 18.256936
9.113000 18.257360
9.118000 18.257779
9.123000 18.258190
9.128000 18.258596
9.133000 18.258994
9.138000 18.259387
9.143000 18.259772
9.148000 18.260152
9.153000 18.260524
9.158000 18.260891
9.163000 18.261251
9.168000 18.261604
9.173000 18.261951
9.178000 18.262291
9.183000 18.262625
9.188000 18.262953
9.193000 18.263274
9.198000 18.263589
9.203000 18.263897
9.208000 18.264199
9.213000 18.264494
9.218000 18.264783
9.223000 18.265066
9.228000 18.265342
9.233000 18.265612
9.238000 18.265875
9.243000 18.266132
9.248000 18.266382
9.253000 18.266626
9.258000 18.266864
9.263000 18.267096
9.268000 18.267321
9.273000 18.267539
9.278000 18.267751
9.283000 18.267957
9.288000 18.268157
9.293000 18.268350
9.298000 18.268537
9.303000 18.268717
9.308000 18.268891
9.313000 18.269059
9.318000 18.269221
9.323000 18.269376
9.328000 18.269524
9.333000 18.269667
9.338000 18.269803
9.343000 18.269933
9.348000 18.270056
9.353000 18.270174
9.358000 18.270284
9.363000 18.270389
9.368000 18.270487
9.373000 18.270579
9.378000 18.270665
9.383000 18.270745
9.388000 18.270818
9.393000 18.270885
9.398000 18.270945
9.403000 18.271000
9.408000 18.271048
9.413000 18.271090
9.418000 18.271125
9.423000 18.271155
9.428000 18.271178
9.433000 18.271195
9.438000 18.271206
9.443000 18.271210
9.448000 18.271208
9.453000 18.271200
9.458000 18.271186
9.463000 18.271166
9.468000 18.271139
9.473000 18.271106
9.478000 18.271067
9.483000 18.271022
9.488000 18.270971
9.493000 18.270913
9.498000 18.271656
9.503000 18.272983
9.508000 18.274305
9.513000 18.275620
9.518000 18.276930
9.523000 18.278235
9.528000 18.279534
9.533000 18.280827
9.538000 18.282115
9.543000 18.283397
9.548000 18.284674
9.553000 18.285945
9.558000 18.287210
9.563000 18.288470
9.568000 18.289725
9.573000 18.290974
9.578000 18.292217
9.583000 18.293455
9.588000 18.294687
9.593000 18.295913
9.598000 18.297134
9.603000 18.298350
9.608000 18.299560
9.613000 18.300764
9.618000 18.301963
9.623000 18.303157
9.628000 18.304345
9.633000 18.305527
9.638000 18.306704
9.643000 18.307875
9.648000 18.309041
9.653000 18.310201
9.658000 18.311356
9.663000 18.312505
9.668000 18.313649
9.673000 18.314787
9.678000 18.315920
9.683000 18.317048
9.688000 18.318169
9.693000 18.319286
9.698000 18.320397
9.703000 18.321502
9.708000 18.322602
9.713000 18.323696
9.718000 18.324785
9.723000 18.325869
9.728000 18.326947
9.733000 18.328020
9.738000 18.329087
9.743000 18.330149
9.748000 18.331205
9.753000 18.332256
9.758000 18.333301
9.763000 18.334341
9.768000 18.335375
9.773000 18.336404
9.778000 18.337428
9.783000 18.338446
9.788000 18.339459
9.793000 18.340467
9.798000 18.341468
9.803000 18.342465
9.808000 18.343456
9.813000 18.344442
9.818000 18.345422
9.823000 18.346397
9.828000 18.347367
9.833000 18.348331
9.838000 18.349290
9.843000 18.350243
9.848000 18.351191
9.853000 18.352133
9.858000 18.353071
9.863000 18.354003
9.868000 18.354929
9.873000 18.355850
9.878000 18.356766
9.883000 18.357676
9.888000 18.358581
9.893000 18.359481
9.898000 18.360375
9.903000 18.361264
9.908000 18.362148
9.913000 18.363026
9.918000 18.363899
9.923000 18.364766
9.928000 18.365629
9.933000 18.366486
9.938000 18.367337
9.943000 18.368183
9.948000 18.369024
9.953000 18.369860
9.958000 18.370690
9.963000 18.371515
9.968000 18.372335
9.973000 18.373149
9.978000 18.373958
9.983000 18.374762
9.988000 18.375560
9.993000 18.376354
9.998000 18.377141
10.003000 18.377924
10.008000 18.378701
10.013000 18.379473
10.018000 18.380240
10.023000 18.381001
10.028000 18.381758
10.033000 18.382509
10.038000 18.383254
10.043000 18.383995
10.048000 18.384730
10.053000 18.385460
10.058000 18.386184
10.063000 18.386903
10.068000 18.387618
10.073000 18.388326
10.078000 18.389030
10.083000 18.389728
10.088000 18.390422
10.093000 18.391109
10.098000 18.391792
10.103000 18.392470
10.108000 18.393142
10.113000 18.393809
10.118000 18.394471
10.123000 18.395127
10.128000 18.395778
10.133000 18.396425
10.138000 18.397066
10.143000 18.397701
10.148000 18.398332
10.153000 18.398957
10.158000 18.399577
10.163000 18.400192
10.168000 18.400802
10.173000 18.401407
10.178000 18.402006
10.183000 18.402600
10.188000 18.403189
10.193000 18.403773
10.198000 18.404352
10.203000 18.404925
10.208000 18.405494
10.213000 18.406057
10.218000 18.406615
10.223000 18.407168
10.228000 18.407716
10.233000 18.408258
10.238000 18.408796
10.243000 18.409328
10.248000 18.409855
10.253000 18.410377
10.258000 18.410894
10.263000 18.411406
10.268000 18.411913
10.273000 18.412414
10.278000 18.412910
10.283000 18.413402
10.288000 18.413888
10.293000 18.414369
10.298000 18.414845
10.303000 18.415316
10.308000 18.415781
10.313000 18.416242
10.318000 18.416698
10.323000 18.417148
10.328000 18.417593
10.333000 18.418034
10.338000 18.418469
10.343000 18.418899
10.348000 18.419324
10.353000 18.419744
10.358000 18.420159
10.363000 18.420569
10.368000 18.420973
10.373000 18.421373
10.378000 18.421768
10.383000 18.422157
10.388000 18.422542
10.393000 18.422921
10.398000 18.423295
10.403000 18.423665
10.408000 18.424029
10.413000 18.424388
10.418000 18.424743
10.423000 18.425092
10.428000 18.425436
10.433000 18.425775
10.438000 18.426109
10.443000 18.426438
10.448000 18.426762
10.453000 18.427081
10.458000 18.427395
10.463000 18.427704
10.468000 18.428008
10.473000 18.428307
10.478000 18.428601
10.483000 18.428891
10.488000 18.429175
10.493000 18.429454
10.498000 18.429728
10.503000 18.429997
10.508000 18.430261
10.513000 18.430520
10.518000 18.430774
10.523000 18.431023
10.528000 18.431267
10.533000 18.431506
10.538000 18.431741
10.543000 18.431970
10.548000 18.432194
10.553000 18.432414
10.558000 18.432628
10.563000 18.432837
10.568000 18.433042
10.573000 18.433241
10.578000 18.433436
10.583000 18.433626
10.588000 18.433810
10.593000 18.433990
10.598000 18.434165
10.603000 18.434335
10.608000 18.434500
10.613000 18.434660
10.618000 18.434815
10.623000 18.434966
10.628000 18.435111
10.633000 18.435251
10.638000 18.435387
10.643000 18.435517
10.648000 18.435643
10.653000 18.435764
10.658000 18.435880
10.663000 18.435991
10.668000 18.436097
10.673000 18.436198
10.678000 18.436295
10.683000 18.436386
10.688000 18.436473
10.693000 18.436555
10.698000 18.436632
10.703000 18.436704
10.708000 18.436771
10.713000 18.436833
10.718000 18.436890
10.723000 18.436943
10.728000 18.436991
10.733000 18.437034
10.738000 18.437072
10.743000 18.437105
10.748000 18.437133
10.753000 18.437157
10.758000 18.437175
10.763000 18.437189
10.768000 18.437198
10.773000 18.437202
10.778000 18.437201
10.783000 18.437196
10.788000 18.437186
10.793000 18.437171
10.798000 18.437398
10.803000 18.438521
10.808000 18.439640
10.813000 18.440754
10.818000 18.441865
10.823000 18.442970
10.828000 18.444072
10.833000 18.445168
10.838000 18.446261
10.843000 18.447349
10.848000 18.448433
10.853000 18.449512
10.858000 18.450587
10.863000 18.451658
10.868000 18.452724
10.873000 18.453786
10.878000 18.454844
10.883000 18.455897
10.888000 18.456946
10.893000 18.457990
10.898000 18.459031
10.903000 18.460066
10.908000 18.461098
10.913000 18.462125
10.918000 18.463148
10.923000 18.464166
10.928000 18.465180
10.933000 18.466190
10.938000 18.467195
10.943000 18.468196
10.948000 18.469193
10.953000 18.470185
10.958000 18.471173
10.963000 18.472157
10.968000 18.473137
10.973000 18.474112
10.978000 18.475082
10.983000 18.476049
10.988000 18.477011
10.993000 18.477969
10.998000 18.478922
11.003000 18.479872
11.008000 18.480817
11.013000 18.481757
11.018000 18.482693
11.023000 18.483625
11.028000 18.484553
11.033000 18.485477
11.038000 18.486396
11.043000 18.487311
11.048000 18.488221
11.053000 18.489127
11.058000 18.490029
11.063000 18.490927
11.068000 18.491820
11.073000 18.492710
11.078000 18.493594
11.083000 18.494475
11.088000 18.495351
11.093000 18.496223
11.098000 18.497091
11.103000 18.497955
11.108000 18.498814
11.113000 18.499669
11.118000 18.500520
11.123000 18.501366
11.128000 18.502208
11.133000 18.503046
11.138000 18.503880
11.143000 18.504710
11.148000 18.505535
11.153000 18.506356
11.158000 18.507173
11.163000 18.507985
11.168000 18.508793
11.173000 18.509598
11.178000 18.510397
11.183000 18.511193
11.188000 18.511984
11.193000 18.512771
11.198000 18.513554
11.203000 18.514333
11.208000 18.515108
11.213000 18.515878
11.218000 18.516644
11.223000 18.517406
11.228000 18.518163
11.233000 18.518917
11.238000 18.519666
11.243000 18.520411
11.248000 18.521152
11.253000 18.521888
11.258000 18.522621
11.263000 18.523349
11.268000 18.524073
11.273000 18.524793
11.278000 18.525509
11.283000 18.526220
11.288000 18.526927
11.293000 18.527630
11.298000 18.528329
11.303000 18.529024
11.308000 18.529715
11.313000 18.530401
11.318000 18.531083
11.323000 18.531761
11.328000 18.532435
11.333000 18.533105
11.338000 18.533771
11.343000 18.534432
11.348000 18.535089
11.353000 18.535742
11.358000 18.536391
11.363000 18.537036
11.368000 18.537677
11.373000 18.538313
11.378000 18.538945
11.383000 18.539574
11.388000 18.540198
11.393000 18.540818
11.398000 18.541433
11.403000 18.542045
11.408000 18.542653
11.413000 18.543256
11.418000 18.543855
11.423000 18.544450
11.428000 18.545041
11.433000 18.545628
11.438000 18.546211
11.443000 18.546790
11.448000 18.547364
11.453000 18.547935
11.458000 18.548501
11.463000 18.549063
11.468000 18.549621
11.473000 18.550175
11.478000 18.550725
11.483000 18.551271
11.488000 18.551813
11.493000 18.552350
11.498000 18.552884
11.503000 18.553413
11.508000 18.553939
11.513000 18.554460
11.518000 18.554977
11.523000 18.555490
11.528000 18.555999
11.533000 18.556504
11.538000 18.557005
11.543000 18.557501
11.548000 18.557994
11.553000 18.558483
11.558000 18.558967
11.563000 18.559448
11.568000 18.559924
11.573000 18.560397
11.578000 18.560865
11.583000 18.561329
11.588000 18.561789
11.593000 18.562245
11.598000 18.562697
11.603000 18.563146
11.608000 18.563589
11.613000 18.564029
11.618000 18.564465
11.623000 18.564897
11.628000 18.565325
11.633000 18.565749
11.638000 18.566169
11.643000 18.566584
11.648000 18.566996
11.653000 18.567404
11.658000 18.567807
11.663000 18.568207
11.668000 18.568602
11.673000 18.568994
11.678000 18.569381
11.683000 18.569765
11.688000 18.570145
11.693000 18.570520
11.698000 18.570892
11.703000 18.571259
11.708000 18.571622
11.713000 18.571982
11.718000 18.572337
11.723000 18.572689
11.728000 18.573036
11.733000 18.573380
11.738000 18.573719
11.743000 18.574055
11.748000 18.574386
11.753000 18.574714
11.758000 18.575037
11.763000 18.575357
11.768000 18.575673
11.773000 18.575984
11.778000 18.576292
11.783000 18.576596
11.788000 18.576895
11.793000 18.577191
11.798000 18.577483
11.803000 18.577770
11.808000 18.578054
11.813000 18.578334
11.818000 18.578610
11.823000 18.578882
11.828000 18.579150
11.833000 18.579414
11.838000 18.579674
11.843000 18.579930
11.848000 18.580182
11.853000 18.580431
11.858000 18.580675
11.863000 18.580915
11.868000 18.581152
11.873000 18.581384
11.878000 18.581613
11.883000 18.581837
11.888000 18.582058
11.893000 18.582275
11.898000 18.582488
11.903000 18.582697
11.908000 18.582902
11.913000 18.583103
11.918000 18.583300
11.923000 18.583493
11.928000 18.583682
11.933000 18.583868
11.938000 18.584049
11.943000 18.584227
11.948000 18.584401
11.953000 18.584570
11.958000 18.584736
11.963000 18.584898
11.968000 18.585056
11.973000 18.585211
11.978000 18.585361
11.983000 18.585507
11.988000 18.585650
11.993000 18.585788
11.998000 18.585923
12.003000 18.586054
12.008000 18.586181
12.013000 18.586304
12.018000 18.586423
12.023000 18.586539
12.028000 18.586650
12.033000 18.586758
12.038000 18.586862
12.043000 18.586962
12.048000 18.587058
12.053000 18.587150
12.058000 18.587238
12.063000 18.587322
12.068000 18.587403
12.073000 18.587480
12.078000 18.587553
12.083000 18.587622
12.088000 18.587687
12.093000 18.587748
12.098000 18.587806
12.103000 18.587859
12.108000 18.587909
12.113000 18.587955
12.118000 18.587997
12.123000 18.588036
12.128000 18.588070
12.133000 18.588101
12.138000 18.588128
12.143000 18.588151
12.148000 18.588170
12.153000 18.588185
12.158000 18.588197
12.163000 18.588204
12.168000 18.588208
12.173000 18.588208
12.178000 18.588205
12.183000 18.588197
12.188000 18.588186
12.193000 18.588171
12.198000 18.588152
12.203000 18.588129
12.208000 18.588102
12.213000 18.588072
12.218000 18.588038
12.223000 18.588000
12.228000 18.587958
12.233000 18.587913
12.238000 18.587863
12.243000 18.587810
12.248000 18.587754
12.253000 18.587693
12.258000 18.587628
12.263000 18.587560
12.268000 18.587488
12.273000 18.587413
12.278000 18.587333
12.283000 18.587250
12.288000 18.587163
12.293000 18.587072
12.298000 18.586977
12.303000 18.586879
12.308000 18.586777
12.313000 18.587686
12.318000 18.588669
12.323000 18.589649
12.328000 18.590625
12.333000 18.591598
12.338000 18.592568
12.343000 18.593534
12.348000 18.594497
12.353000 18.595456
12.358000 18.596412
12.363000 18.597365
12.368000 18.598314
12.373000 18.599260
12.378000 18.600202
12.383000 18.601141
12.388000 18.602076
12.393000 18.603009
12.398000 18.603937
12.403000 18.604863
12.408000 18.605785
12.413000 18.606703
12.418000 18.607619
12.423000 18.608531
12.428000 18.609439
12.433000 18.610344
12.438000 18.611246
12.443000 18.612144
12.448000 18.613039
12.453000 18.613931
12.458000 18.614819
12.463000 18.615704
12.468000 18.616586
12.473000 18.617464
12.478000 18.618339
12.483000 18.619210
12.488000 18.620078
12.493000 18.620943
12.498000 18.621804
12.503000 18.622662
12.508000 18.623517
12.513000 18.624368
12.518000 18.625216
12.523000 18.626061
12.528000 18.626902
12.533000 18.627740
12.538000 18.628574
12.543000 18.629406
12.548000 18.630233
12.553000 18.631058
12.558000 18.631879
12.563000 18.632697
12.568000 18.633511
12.573000 18.634323
12.578000 18.635130
12.583000 18.635935
12.588000 18.636736
12.593000 18.637534
12.598000 18.638328
12.603000 18.639120
12.608000 18.639908
12.613000 18.640692
12.618000 18.641473
12.623000 18.642251
12.628000 18.643026
12.633000 18.643797
12.638000 18.644565
12.643000 18.645330
12.648000 18.646091
12.653000 18.646849
12.658000 18.647604
12.663000 18.648355
12.668000 18.649103
12.673000 18.649848
12.678000 18.650589
12.683000 18.651328
12.688000 18.652062
12.693000 18.652794
12.698000 18.653522
12.703000 18.654247
12.708000 18.654969
12.713000 18.655687
12.718000 18.656402
12.723000 18.657114
12.728000 18.657823
12.733000 18.658528
12.738000 18.659230
12.743000 18.659929
12.748000 18.660624
12.753000 18.661316
12.758000 18.662005
12.763000 18.662690
12.768000 18.663373
12.773000 18.664052
12.778000 18.664727
12.783000 18.665400
12.788000 18.666069
12.793000 18.666735
12.798000 18.667397
12.803000 18.668057
12.808000 18.668713
12.813000 18.669366
12.818000 18.670015
12.823000 18.670662
12.828000 18.671305
12.833000 18.671944
12.838000 18.672581
12.843000 18.673214
12.848000 18.673844
12.853000 18.674471
12.858000 18.675095
12.863000 18.675715
12.868000 18.676332
12.873000 18.676946
12.878000 18.677556
12.883000 18.678163
12.888000 18.678767
12.893000 18.679368
12.898000 18.679966
12.903000 18.680560
12.908000 18.681151
12.913000 18.681739
12.918000 18.682324
12.923000 18.682905
12.928000 18.683483
12.933000 18.684058
12.938000 18.684630
12.943000 18.685198
12.948000 18.685764
12.953000 18.686326
12.958000 18.686885
12.963000 18.687440
12.968000 18.687993
12.973000 18.688542
12.978000 18.689088
12.983000 18.689630
12.988000 18.690170
12.993000 18.690706
12.998000 18.691239
13.003000 18.691769
13.008000 18.692296
13.013000 18.692819
13.018000 18.693340
13.023000 18.693857
13.028000 18.694371
13.033000 18.694881
13.038000 18.695389
13.043000 18.695893
13.048000 18.696394
13.053000 18.696892
13.058000 18.697387
13.063000 18.697878
13.068000 18.698367
13.073000 18.698852
13.078000 18.699334
13.083000 18.699812
13.088000 18.700288
13.093000 18.700760
13.098000 18.701230
13.103000 18.701696
13.108000 18.702158
13.113000 18.702618
13.118000 18.703075
13.123000 18.703528
13.128000 18.703978
13.133000 18.704425
13.138000 18.704869
13.143000 18.705310
13.148000 18.705747
13.153000 18.706181
13.158000 18.706613
13.163000 18.707041
13.168000 18.707465
13.173000 18.707887
13.178000 18.708306
13.183000 18.708721
13.188000 18.709133
13.193000 18.709542
13.198000 18.709948
13.203000 18.710351
13.208000 18.710751
13.213000 18.711147
13.218000 18.711540
13.223000 18.711930
13.228000 18.712318
13.233000 18.712701
13.238000 18.713082
13.243000 18.713460
13.248000 18.713834
13.253000 18.714206
13.258000 18.714574
13.263000 18.714939
13.268000 18.715301
13.273000 18.715660
13.278000 18.716015
13.283000 18.716368
13.288000 18.716717
13.293000 18.717064
13.298000 18.717407
13.303000 18.717747
13.308000 18.718084
13.313000 18.718418
13.318000 18.718748
13.323000 18.719076
13.328000 18.719400
13.333000 18.719722
13.338000 18.720040
13.343000 18.720355
13.348000 18.720667
13.353000 18.720976
13.358000 18.721282
13.363000 18.721585
13.368000 18.721884
13.373000 18.722181
13.378000 18.722474
13.383000 18.722764
13.388000 18.723052
13.393000 18.723336
13.398000 18.723617
13.403000 18.723895
13.408000 18.724170
13.413000 18.724441
13.418000 18.724710
13.423000 18.724976
13.428000 18.725238
13.433000 18.725497
13.438000 18.725754
13.443000 18.726007
13.448000 18.726257
13.453000 18.726504
13.458000 18.726748
13.463000 18.726989
13.468000 18.727227
13.473000 18.727462
13.478000 18.727693
13.483000 18.727922
13.488000 18.728148
13.493000 18.728370
13.498000 18.728590
13.503000 18.728806
13.508000 18.729019
13.513000 18.729230
13.518000 18.729437
13.523000 18.729641
13.528000 18.729842
13.533000 18.730040
13.538000 18.730235
13.543000 18.730427
13.548000 18.730616
13.553000 18.730802
13.558000 18.730984
13.563000 18.731164
13.568000 18.731341
13.573000 18.731514
13.578000 18.731685
13.583000 18.731852
13.588000 18.732017
13.593000 18.732178
13.598000 18.732337
13.603000 18.732492
13.608000 18.732645
13.613000 18.732794
13.618000 18.732940
13.623000 18.733083
13.628000 18.733224
13.633000 18.733361
13.638000 18.733495
13.643000 18.733626
13.648000 18.733754
13.653000 18.733879
13.658000 18.734002
13.663000 18.734121
13.668000 18.734237
13.673000 18.734350
13.678000 18.734460
13.683000 18.734567
13.688000 18.734671
13.693000 18.734772
13.698000 18.734870
13.703000 18.734965
13.708000 18.735057
13.713000 18.735145
13.718000 18.735231
13.723000 18.735314
13.728000 18.735394
13.733000 18.735471
13.738000 18.735545
13.743000 18.735616
13.748000 18.735684
13.753000 18.735749
13.758000 18.735811
13.763000 18.735870
13.768000 18.735926
13.773000 18.735979
13.778000 18.736029
13.783000 18.736076
13.788000 18.736120
13.793000 18.736161
13.798000 18.736199
13.803000 18.736234
13.808000 18.736266
13.813000 18.736296
13.818000 18.736322
13.823000 18.736345
13.828000 18.736365
13.833000 18.736382
13.838000 18.736397
13.843000 18.736408
13.848000 18.736416
13.853000 18.736422
13.858000 18.736424
13.863000 18.736424
13.868000 18.736420
13.873000 18.736414
13.878000 18.736404
13.883000 18.736392
13.888000 18.736376
13.893000 18.736358
13.898000 18.736337
13.903000 18.736313
13.908000 18.736285
13.913000 18.736255
13.918000 18.736222
13.923000 18.736186
13.928000 18.736147
13.933000 18.736105
13.938000 18.736061
13.943000 18.736013
13.948000 18.735962
13.953000 18.735908
13.958000 18.735852
13.963000 18.735792
13.968000 18.735730
13.973000 18.735665
13.978000 18.735596
13.983000 18.735525
13.988000 18.735451
13.993000 18.735443
13.998000 18.736353
14.003000 18.737261
14.008000 18.738167
14.013000 18.739069
14.018000 18.739969
14.023000 18.740867
14.028000 18.741761
14.033000 18.742653
14.038000 18.743543
14.043000 18.744430
14.048000 18.745314
14.053000 18.746195
14.058000 18.747074
14.063000 18.747950
14.068000 18.748824
14.073000 18.749695
14.078000 18.750563
14.083000 18.751429
14.088000 18.752292
14.093000 18.753152
14.098000 18.754010
14.103000 18.754865
14.108000 18.755718
14.113000 18.756567
14.118000 18.757415
14.123000 18.758259
14.128000 18.759101
14.133000 18.759941
14.138000 18.760778
14.143000 18.761612
14.148000 18.762443
14.153000 18.763272
14.158000 18.764098
14.163000 18.764922
14.168000 18.765743
14.173000 18.766562
14.178000 18.767377
14.183000 18.768191
14.188000 18.769001
14.193000 18.769809
14.198000 18.770615
14.203000 18.771417
14.208000 18.772218
14.213000 18.773015
14.218000 18.773810
14.223000 18.774602
14.228000 18.775392
14.233000 18.776179
14.238000 18.776964
14.243000 18.777746
14.248000 18.778525
14.253000 18.779302
14.258000 18.780076
14.263000 18.780847
14.268000 18.781616
14.273000 18.782383
14.278000 18.783147
14.283000 18.783908
14.288000 18.784666
14.293000 18.785422
14.298000 18.786176
14.303000 18.786926
14.308000 18.787675
14.313000 18.788420
14.318000 18.789163
14.323000 18.789904
14.328000 18.790642
14.333000 18.791377
14.338000 18.792110
14.343000 18.792840
14.348000 18.793567
14.353000 18.794292
14.358000 18.795015
14.363000 18.795734
14.368000 18.796452
14.373000 18.797166
14.378000 18.797878
14.383000 18.798588
14.388000 18.799295
14.393000 18.799999
14.398000 18.800701
14.403000 18.801400
14.408000 18.802097
14.413000 18.802791
14.418000 18.803483
14.423000 18.804172
14.428000 18.804858
14.433000 18.805542
14.438000 18.806223
14.443000 18.806902
14.448000 18.807578
14.453000 18.808252
14.458000 18.808923
14.463000 18.809591
14.468000 18.810257
14.473000 18.810921
14.478000 18.811581
14.483000 18.812240
14.488000 18.812895
14.493000 18.813549
14.498000 18.814199
14.503000 18.814847
14.508000 18.815493
14.513000 18.816136
14.518000 18.816776
14.523000 18.817414
14.528000 18.818050
14.533000 18.818682
14.538000 18.819313
14.543000 18.819940
14.548000 18.820566
14.553000 18.821188
14.558000 18.821808
14.563000 18.822426
14.568000 18.823041
14.573000 18.823653
14.578000 18.824263
14.583000 18.824871
14.588000 18.825476
14.593000 18.826078
14.598000 18.826678
14.603000 18.827275
14.608000 18.827870
14.613000 18.828462
14.618000 18.829052
14.623000 18.829639
14.628000 18.830224
14.633000 18.830806
14.638000 18.831386
14.643000 18.831963
14.648000 18.832538
14.653000 18.833110
14.658000 18.833679
14.663000 18.834246
14.668000 18.834811
14.673000 18.835373
14.678000 18.835932
14.683000 18.836489
14.688000 18.837044
14.693000 18.837596
14.698000 18.838145
14.703000 18.838692
14.708000 18.839237
14.713000 18.839779
14.718000 18.840318
14.723000 18.840855
14.728000 18.841390
14.733000 18.841921
14.738000 18.842451
14.743000 18.842978
14.748000 18.843502
14.753000 18.844024
14.758000 18.844544
14.763000 18.845061
14.768000 18.845575
14.773000 18.846087
14.778000 18.846596
14.783000 18.847103
14.788000 18.847608
14.793000 18.848110
14.798000 18.848609
14.803000 18.849106
14.808000 18.849601
14.813000 18.850093
14.818000 18.850582
14.823000 18.851070
14.828000 18.851554
14.833000 18.852036
14.838000 18.852516
14.843000 18.852993
14.848000 18.853468
14.853000 18.853940
14.858000 18.854409
14.863000 18.854877
14.868000 18.855341
14.873000 18.855804
14.878000 18.856263
14.883000 18.856721
14.888000 18.857176
14.893000 18.857628
14.898000 18.858078
14.903000 18.858525
14.908000 18.858970
14.913000 18.859413
14.918000 18.859853
14.923000 18.860290
14.928000 18.860726
14.933000 18.861158
14.938000 18.861588
14.943000 18.862016
14.948000 18.862441
14.953000 18.862864
14.958000 18.863285
14.963000 18.863702
14.968000 18.864118
14.973000 18.864531
14.978000 18.864941
14.983000 18.865349
14.988000 18.865755
14.993000 18.866158
14.998000 18.866559
15.003000 18.866957
15.008000 18.867353
15.013000 18.867746
15.018000 18.868137
15.023000 18.868526
15.028000 18.868912
15.033000 18.869295
15.038000 18.869677
15.043000 18.870055
15.048000 18.870432
15.053000 18.870805
15.058000 18.871177
15.063000 18.871546
15.068000 18.871912
15.073000 18.872276
15.078000 18.872638
15.083000 18.872997
15.088000 18.873354
15.093000 18.873708
15.098000 18.874060
15.103000 18.874410
15.108000 18.874757
15.113000 18.875101
15.118000 18.875444
15.123000 18.875783
15.128000 18.876121
15.133000 18.876456
15.138000 18.876788
15.143000 18.877118
15.148000 18.877446
15.153000 18.877771
15.158000 18.878094
15.163000 18.878414
15.168000 18.878732
15.173000 18.879048
15.178000 18.879361
15.183000 18.879672
15.188000 18.879980
15.193000 18.880286
15.198000 18.880590
15.203000 18.880891
15.208000 18.881189
15.213000 18.881486
15.218000 18.881780
15.223000 18.882071
15.228000 18.882360
15.233000 18.882647
15.238000 18.882931
15.243000 18.883213
15.248000 18.883492
15.253000 18.883769
15.258000 18.884044
15.263000 18.884316
15.268000 18.884586
15.273000 18.884854
15.278000 18.885119
15.283000 18.885381
15.288000 18.885641
15.293000 18.885899
15.298000 18.886155
15.303000 18.886408
15.308000 18.886659
15.313000 18.886907
15.318000 18.887153
15.323000 18.887396
15.328000 18.887638
15.333000 18.887876
15.338000 18.888113
15.343000 18.888347
15.348000 18.888578
15.353000 18.888808
15.358000 18.889034
15.363000 18.889259
15.368000 18.889481
15.373000 18.889701
15.378000 18.889918
15.383000 18.890133
15.388000 18.890346
15.393000 18.890556
15.398000 18.890764
15.403000 18.890969
15.408000 18.891172
15.413000 18.891373
15.418000 18.891571
15.423000 18.891767
15.428000 18.891961
15.433000 18.892152
15.438000 18.892341
15.443000 18.892528
15.448000 18.892712
15.453000 18.892894
15.458000 18.893073
15.463000 18.893250
15.468000 18.893425
15.473000 18.893597
15.478000 18.893767
15.483000 18.893935
15.488000 18.894100
15.493000 18.894263
15.498000 18.894424
15.503000 18.894582
15.508000 18.894738
15.513000 18.894892
15.518000 18.895043
15.523000 18.895192
15.528000 18.895338
15.533000 18.895482
15.538000 18.895624
15.543000 18.895763
15.548000 18.895901
15.553000 18.896035
15.558000 18.896168
15.563000 18.896298
15.568000 18.896426
15.573000 18.896551
15.578000 18.896674
15.583000 18.896795
15.588000 18.896913
15.593000 18.897029
15.598000 18.897143
15.603000 18.897254
15.608000 18.897363
15.613000 18.897470
15.618000 18.897575
15.623000 18.897677
15.628000 18.897776
15.633000 18.897874
15.638000 18.897969
15.643000 18.898062
15.648000 18.898152
15.653000 18.898240
15.658000 18.898326
15.663000 18.898409
15.668000 18.898490
15.673000 18.898569
15.678000 18.898646
15.683000 18.898720
15.688000 18.898792
15.693000 18.898861
15.698000 18.898929
15.703000 18.898994
15.708000 18.899056
15.713000 18.899116
15.718000 18.899174
15.723000 18.899230
15.728000 18.899283
15.733000 18.899334
15.738000 18.899383
15.743000 18.899430
15.748000 18.899474
15.753000 18.899516
15.758000 18.899555
15.763000 18.899592
15.768000 18.899627
15.773000 18.899660
15.778000 18.899690
15.783000 18.899718
15.788000 18.899744
15.793000 18.899767
15.798000 18.899788
15.803000 18.899807
15.808000 18.899824
15.813000 18.899838
15.818000 18.899850
15.823000 18.899860
15.828000 18.899867
15.833000 18.899872
15.838000 18.899875
15.843000 18.899875
15.848000 18.899873
15.853000 18.899869
15.858000 18.899863
15.863000 18.899854
15.868000 18.899843
15.873000 18.899830
15.878000 18.899815
15.883000 18.899797
15.888000 18.899777
15.893000 18.899754
15.898000 18.899730
15.903000 18.900185
15.908000 18.900988
15.913000 18.901789
15.918000 18.902588
15.923000 18.903384
15.928000 18.904179
15.933000 18.904972
15.938000 18.905762
15.943000 18.906551
15.948000 18.907337
15.953000 18.908122
15.958000 18.908904
15.963000 18.909684
15.968000 18.910463
15.973000 18.911239
15.978000 18.912013
15.983000 18.912785
15.988000 18.913555
15.993000 18.914323
15.998000 18.915089
16.003000 18.915853
16.008000 18.916614
16.013000 18.917374
16.018000 18.918132
16.023000 18.918887
16.028000 18.919641
16.033000 18.920392
16.038000 18.921142
16.043000 18.921889
16.048000 18.922634
16.053000 18.923377
16.058000 18.924119
16.063000 18.924858
16.068000 18.925595
16.073000 18.926330
16.078000 18.927063
16.083000 18.927794
16.088000 18.928523
16.093000 18.929250
16.098000 18.929974
16.103000 18.930697
16.108000 18.931418
16.113000 18.932137
16.118000 18.932853
16.123000 18.933568
16.128000 18.934280
16.133000 18.934991
16.138000 18.935699
16.143000 18.936406
16.148000 18.937110
16.153000 18.937813
16.158000 18.938513
16.163000 18.939211
16.168000 18.939908
16.173000 18.940602
16.178000 18.941294
16.183000 18.941984
16.188000 18.942672
16.193000 18.943358
16.198000 18.944042
16.203000 18.944724
16.208000 18.945404
16.213000 18.946082
16.218000 18.946758
16.223000 18.947432
16.228000 18.948104
16.233000 18.948774
16.238000 18.949442
16.243000 18.950108
16.248000 18.950771
16.253000 18.951433
16.258000 18.952093
16.263000 18.952751
16.268000 18.953406
16.273000 18.954060
16.278000 18.954712
16.283000 18.955361
16.288000 18.956009
16.293000 18.956654
16.298000 18.957298
16.303000 18.957940
16.308000 18.958579
16.313000 18.959217
16.318000 18.959852
16.323000 18.960486
16.328000 18.961117
16.333000 18.961747
16.338000 18.962374
16.343000 18.963000
16.348000 18.963623
16.353000 18.964245
16.358000 18.964864
16.363000 18.965481
16.368000 18.966097
16.373000 18.966710
16.378000 18.967322
16.383000 18.967931
16.388000 18.968538
16.393000 18.969144
16.398000 18.969747
16.403000 18.970349
16.408000 18.970948
16.413000 18.971545
16.418000 18.972141
16.423000 18.972734
16.428000 18.973325
16.433000 18.973915
16.438000 18.974502
16.443000 18.975088
16.448000 18.975671
16.453000 18.976252
16.458000 18.976832
16.463000 18.977409
16.468000 18.977985
16.473000 18.978558
16.478000 18.979129
16.483000 18.979699
16.488000 18.980266
16.493000 18.980832
16.498000 18.981395
16.503000 18.981957
16.508000 18.982516
16.513000 18.983074
16.518000 18.983629
16.523000 18.984183
16.528000 18.984734
16.533000 18.985284
16.538000 18.985831
16.543000 18.986377
16.548000 18.986921
16.553000 18.987462
16.558000 18.988002
16.563000 18.988539
16.568000 18.989075
16.573000 18.989609
16.578000 18.990141
16.583000 18.990670
16.588000 18.991198
16.593000 18.991724
16.598000 18.992248
16.603000 18.992770
16.608000 18.993289
16.613000 18.993807
16.618000 18.994323
16.623000 18.994837
16.628000 18.995349
16.633000 18.995859
16.638000 18.996367
16.643000 18.996873
16.648000 18.997377
16.653000 18.997880
16.658000 18.998380
16.663000 18.998878
16.668000 18.999374
16.673000 18.999868
16.678000 19.000361
16.683000 19.000851
16.688000 19.001339
16.693000 19.001826
16.698000 19.002310
16.703000 19.002793
16.708000 19.003273
16.713000 19.003752
16.718000 19.004228
16.723000 19.004703
16.728000 19.005176
16.733000 19.005647
16.738000 19.006115
16.743000 19.006582
16.748000 19.007047
16.753000 19.007510
16.758000 19.007971
16.763000 19.008430
16.768000 19.008887
16.773000 19.009342
16.778000 19.009795
16.783000 19.010246
16.788000 19.010696
16.793000 19.011143
16.798000 19.011588
16.803000 19.012032
16.808000 19.012473
16.813000 19.012913
16.818000 19.013350
16.823000 19.013786
16.828000 19.014220
16.833000 19.014651
16.838000 19.015081
16.843000 19.015509
16.848000 19.015935
16.853000 19.016359
16.858000 19.016781
16.863000 19.017201
16.868000 19.017619
16.873000 19.018035
16.878000 19.018450
16.883000 19.018862
16.888000 19.019272
16.893000 19.019681
16.898000 19.020087
16.903000 19.020492
16.908000 19.020895
16.913000 19.021295
16.918000 19.021694
16.923000 19.022091
16.928000 19.022486
16.933000 19.022879
16.938000 19.023270
16.943000 19.023659
16.948000 19.024046
16.953000 19.024432
16.958000 19.024815
16.963000 19.025196
16.968000 19.025576
16.973000 19.025954
16.978000 19.026329
16.983000 19.026703
16.988000 19.027075
16.993000 19.027445
16.998000 19.027813
17.003000 19.028179
17.008000 19.028543
17.013000 19.028905
17.018000 19.029265
17.023000 19.029624
17.028000 19.029980
17.033000 19.030335
17.038000 19.030687
17.043000 19.031038
17.048000 19.031387
17.053000 19.031734
17.058000 19.032079
17.063000 19.032422
17.068000 19.032763
17.073000 19.033102
17.078000 19.033440
17.083000 19.033775
17.088000 19.034109
17.093000 19.034440
17.098000 19.034770
17.103000 19.035098
17.108000 19.035424
17.113000 19.035748
17.118000 19.036070
17.123000 19.036390
17.128000 19.036708
17.133000 19.037024
17.138000 19.037339
17.143000 19.037651
17.148000 19.037962
17.153000 19.038271
17.158000 19.038578
17.163000 19.038883
17.168000 19.039186
17.173000 19.039487
17.178000 19.039786
17.183000 19.040084
17.188000 19.040379
17.193000 19.040673
17.198000 19.040964
17.203000 19.041254
17.208000 19.041542
17.213000 19.041828
17.218000 19.042112
17.223000 19.042394
17.228000 19.042675
17.233000 19.042953
17.238000 19.043230
17.243000 19.043504
17.248000 19.043777
17.253000 19.044048
17.258000 19.044317
17.263000 19.044584
17.268000 19.044849
17.273000 19.045113
17.278000 19.045374
17.283000 19.045634
17.288000 19.045891
17.293000 19.046147
17.298000 19.046401
17.303000 19.046653
17.308000 19.046904
17.313000 19.047152
17.318000 19.047398
17.323000 19.047643
17.328000 19.047885
17.333000 19.048126
17.338000 19.048365
17.343000 19.048602
17.348000 19.048837
17.353000 19.049071
17.358000 19.049302
17.363000 19.049532
17.368000 19.049759
17.373000 19.049985
17.378000 19.050209
