0.003000 1.356530
0.008000 2.314012
0.013000 2.870186
0.018000 3.430027
0.023000 3.583046
0.028000 3.636222
0.033000 3.655960
0.038000 3.653324
0.043000 3.634481
0.048000 3.613146
0.053000 3.510378
0.058000 3.421962
0.063000 3.346346
0.068000 3.275018
0.073000 3.220578
0.078000 3.166138
0.083000 3.126984
0.088000 3.090413
0.093000 3.053842
0.098000 3.032282
0.103000 3.013045
0.108000 2.993807
0.113000 2.974570
0.118000 2.955332
0.123000 2.943354
0.128000 2.934272
0.133000 2.925190
0.138000 2.916109
0.143000 2.907027
0.148000 2.897945
0.153000 2.888864
0.158000 2.879782
0.163000 2.870700
0.168000 2.861619
0.173000 2.852537
0.178000 2.843771
0.183000 2.835125
0.188000 2.826478
0.193000 2.817832
0.198000 2.809186
0.203000 2.800540
0.208000 2.791894
0.213000 2.783248
0.218000 2.774602
0.223000 2.765956
0.228000 2.757309
0.233000 2.748157
0.238000 2.736473
0.243000 2.724790
0.248000 2.713106
0.253000 2.701422
0.258000 2.689738
0.263000 2.678055
0.268000 2.666257
0.273000 2.651817
0.278000 2.637377
0.283000 2.622937
0.288000 2.608498
0.293000 2.593318
0.298000 2.576557
0.303000 2.559795
0.308000 2.543034
0.313000 2.526272
0.318000 2.507702
0.323000 2.488974
0.328000 2.470246
0.333000 2.451519
0.338000 2.432822
0.343000 2.414130
0.348000 2.395525
0.353000 2.377773
0.358000 2.360022
0.363000 2.343094
0.368000 2.326197
0.373000 2.309300
0.378000 2.293504
0.383000 2.278729
0.388000 2.263954
0.393000 2.249179
0.398000 2.234404
0.403000 2.220351
0.408000 2.207620
0.413000 2.194889
0.418000 2.182159
0.423000 2.169428
0.428000 2.156698
0.433000 2.144999
0.438000 2.133848
0.443000 2.122697
0.448000 2.111546
0.453000 2.100395
0.458000 2.089245
0.463000 2.078662
0.468000 2.069312
0.473000 2.059962
0.478000 2.050612
0.483000 2.041262
0.488000 2.031912
0.493000 2.022562
0.498000 2.013578
0.503000 2.005345
0.508000 1.997111
0.513000 1.988878
0.518000 1.980645
0.523000 1.972412
0.528000 1.964179
0.533000 1.955945
0.538000 1.948449
0.543000 1.941417
0.548000 1.934385
0.553000 1.927353
0.558000 1.920321
0.563000 1.913289
0.568000 1.906257
0.573000 1.899225
0.578000 1.892313
0.583000 1.886332
0.588000 1.880351
0.593000 1.874370
0.598000 1.868389
0.603000 1.862408
0.608000 1.856427
0.613000 1.850446
0.618000 1.844466
0.623000 1.838485
0.628000 1.832969
0.633000 1.827644
0.638000 1.822319
0.643000 1.816994
0.648000 1.811669
0.653000 1.806344
0.658000 1.801018
0.663000 1.795693
0.668000 1.790368
0.673000 1.785043
0.678000 1.780036
0.683000 1.775538
0.688000 1.771041
0.693000 1.766544
0.698000 1.762047
0.703000 1.757550
0.708000 1.753052
0.713000 1.748555
0.718000 1.744058
0.723000 1.739561
0.728000 1.735064
0.733000 1.730566
0.738000 1.726551
0.743000 1.722632
0.748000 1.718713
0.753000 1.714794
0.758000 1.710875
0.763000 1.706957
0.768000 1.703038
0.773000 1.699119
0.778000 1.695200
0.783000 1.691281
0.788000 1.687362
0.793000 1.683444
0.798000 1.679581
0.803000 1.676165
0.808000 1.672749
0.813000 1.669333
0.818000 1.665917
0.823000 1.662501
0.828000 1.659085
0.833000 1.655669
0.838000 1.652253
0.843000 1.648837
0.848000 1.645421
0.853000 1.642005
0.858000 1.638589
0.863000 1.635174
0.868000 1.631779
0.873000 1.628811
0.878000 1.625842
0.883000 1.622874
0.888000 1.619905
0.893000 1.616937
0.898000 1.613969
0.903000 1.611000
0.908000 1.608032
0.913000 1.605064
0.918000 1.602095
0.923000 1.599127
0.928000 1.596158
0.933000 1.593190
0.938000 1.590222
0.943000 1.587253
0.948000 1.584394
0.953000 1.581835
0.958000 1.579276
0.963000 1.576718
0.968000 1.574159
0.973000 1.571601
0.978000 1.569042
0.983000 1.566484
0.988000 1.563925
0.993000 1.561366
0.998000 1.558808
1.003000 1.556249
1.008000 1.553691
1.013000 1.551132
1.018000 1.548573
1.023000 1.546015
1.028000 1.543456
1.033000 1.540898
1.038000 1.538554
1.043000 1.536344
1.048000 1.534133
1.053000 1.531922
1.058000 1.529711
1.063000 1.527500
1.068000 1.525289
1.073000 1.523079
1.078000 1.520868
1.083000 1.518657
1.088000 1.516446
1.093000 1.514235
1.098000 1.512024
1.103000 1.509814
1.108000 1.507603
1.113000 1.505392
1.118000 1.503181
1.123000 1.500970
1.128000 1.498759
1.133000 1.496549
1.138000 1.494490
1.143000 1.492557
1.148000 1.490625
1.153000 1.488693
1.158000 1.486760
1.163000 1.484828
1.168000 1.482896
1.173000 1.480964
1.178000 1.479031
1.183000 1.477099
1.188000 1.475167
1.193000 1.473234
1.198000 1.471302
1.203000 1.469370
1.208000 1.467437
1.213000 1.465505
1.218000 1.463573
1.223000 1.461640
1.228000 1.459708
1.233000 1.457776
1.238000 1.455844
1.243000 1.453911
1.248000 1.451979
1.253000 1.450101
1.258000 1.448438
1.263000 1.446774
1.268000 1.445111
1.273000 1.443448
1.278000 1.441785
1.283000 1.440121
1.288000 1.438458
1.293000 1.436795
1.298000 1.435131
1.303000 1.433468
1.308000 1.431805
1.313000 1.430141
1.318000 1.428478
1.323000 1.426815
1.328000 1.425151
1.333000 1.423488
1.338000 1.421825
1.343000 1.420161
1.348000 1.418498
1.353000 1.416835
1.358000 1.415171
1.363000 1.413508
1.368000 1.411845
1.373000 1.410181
1.378000 1.408518
1.383000 1.406855
1.388000 1.405191
1.393000 1.403732
1.398000 1.402287
1.403000 1.400843
1.408000 1.399398
1.413000 1.397954
1.418000 1.396510
1.423000 1.395065
1.428000 1.393621
1.433000 1.392176
1.438000 1.390732
1.443000 1.389288
1.448000 1.387843
1.453000 1.386399
1.458000 1.384955
1.463000 1.383510
1.468000 1.382066
1.473000 1.380621
1.478000 1.379177
1.483000 1.377733
1.488000 1.376288
1.493000 1.374844
1.498000 1.373400
1.503000 1.371955
1.508000 1.370511
1.513000 1.369066
1.518000 1.367622
1.523000 1.366178
1.528000 1.364733
1.533000 1.363289
1.538000 1.361844
1.543000 1.360400
1.548000 1.358956
1.553000 1.357583
1.558000 1.356349
1.563000 1.355116
1.568000 1.353883
1.573000 1.352650
1.578000 1.351417
1.583000 1.350184
1.588000 1.348951
1.593000 1.347718
1.598000 1.346485
1.603000 1.345251
1.608000 1.344018
1.613000 1.342785
1.618000 1.341552
1.623000 1.340319
1.628000 1.339086
1.633000 1.337853
1.638000 1.336620
1.643000 1.335387
1.648000 1.334153
1.653000 1.332920
1.658000 1.331687
1.663000 1.330454
1.668000 1.329221
1.673000 1.327988
1.678000 1.326755
1.683000 1.325522
1.688000 1.324289
1.693000 1.323055
1.698000 1.321822
1.703000 1.320589
1.708000 1.319356
1.713000 1.318123
1.718000 1.316890
1.723000 1.315657
1.728000 1.314424
1.733000 1.313191
1.738000 1.311957
1.743000 1.310724
1.748000 1.309511
1.753000 1.308447
1.758000 1.307384
1.763000 1.306320
1.768000 1.305257
1.773000 1.304193
1.778000 1.303130
1.783000 1.302066
1.788000 1.301003
1.793000 1.299939
1.798000 1.298876
1.803000 1.297812
1.808000 1.296749
1.813000 1.295685
1.818000 1.294622
1.823000 1.293559
1.828000 1.292495
1.833000 1.291432
1.838000 1.290368
1.843000 1.289305
1.848000 1.288241
1.853000 1.287178
1.858000 1.286114
1.863000 1.285051
1.868000 1.283987
1.873000 1.282924
1.878000 1.281860
1.883000 1.280797
1.888000 1.279733
1.893000 1.278670
1.898000 1.277607
1.903000 1.276543
1.908000 1.275480
1.913000 1.274416
1.918000 1.273353
1.923000 1.272289
1.928000 1.271226
1.933000 1.270162
1.938000 1.269099
1.943000 1.268035
1.948000 1.266972
1.953000 1.265908
1.958000 1.264845
1.963000 1.263781
1.968000 1.262718
1.973000 1.261655
1.978000 1.260591
1.983000 1.259589
1.988000 1.258684
1.993000 1.257779
1.998000 1.256875
2.003000 1.255970
2.008000 1.255065
2.013000 1.254160
2.018000 1.253256
2.023000 1.252351
2.028000 1.251446
2.033000 1.250541
2.038000 1.249637
2.043000 1.248732
2.048000 1.247827
2.053000 1.246922
2.058000 1.246018
2.063000 1.245113
2.068000 1.244208
2.073000 1.243303
2.078000 1.242399
2.083000 1.241494
2.088000 1.240589
2.093000 1.239684
2.098000 1.238780
2.103000 1.237875
2.108000 1.236970
2.113000 1.236065
2.118000 1.235161
2.123000 1.234256
2.128000 1.233351
2.133000 1.232446
2.138000 1.231542
2.143000 1.230637
2.148000 1.229732
2.153000 1.228827
2.158000 1.227923
2.163000 1.227018
2.168000 1.226113
2.173000 1.225208
2.178000 1.224304
2.183000 1.223399
2.188000 1.222494
2.193000 1.221589
2.198000 1.220685
2.203000 1.219780
2.208000 1.218875
2.213000 1.217970
2.218000 1.217066
2.223000 1.216161
2.228000 1.215256
2.233000 1.214352
2.238000 1.213447
2.243000 1.212542
2.248000 1.211637
2.253000 1.210733
2.258000 1.209861
2.263000 1.209097
2.268000 1.208333
2.273000 1.207569
2.278000 1.206805
2.283000 1.206041
2.288000 1.205277
2.293000 1.204513
2.298000 1.203749
2.303000 1.202985
2.308000 1.202221
2.313000 1.201457
2.318000 1.200693
2.323000 1.199929
2.328000 1.199165
2.333000 1.198401
2.338000 1.197637
2.343000 1.196873
2.348000 1.196109
2.353000 1.195345
2.358000 1.194581
2.363000 1.193817
2.368000 1.193053
2.373000 1.192289
2.378000 1.191525
2.383000 1.190761
2.388000 1.189997
2.393000 1.189233
2.398000 1.188469
2.403000 1.187705
2.408000 1.186941
2.413000 1.186177
2.418000 1.185413
2.423000 1.184649
2.428000 1.183885
2.433000 1.183121
2.438000 1.182357
2.443000 1.181593
2.448000 1.180829
2.453000 1.180065
2.458000 1.179301
2.463000 1.178537
2.468000 1.177773
2.473000 1.177009
2.478000 1.176245
2.483000 1.175481
2.488000 1.174717
2.493000 1.173953
2.498000 1.173189
2.503000 1.172425
2.508000 1.171661
2.513000 1.170897
2.518000 1.170133
2.523000 1.169369
2.528000 1.168605
2.533000 1.167841
2.538000 1.167077
2.543000 1.166313
2.548000 1.165549
2.553000 1.164785
2.558000 1.164021
2.563000 1.163257
2.568000 1.162493
2.573000 1.161729
2.578000 1.161020
2.583000 1.160375
2.588000 1.159730
2.593000 1.159085
2.598000 1.158441
2.603000 1.157796
2.608000 1.157151
2.613000 1.156506
2.618000 1.155861
2.623000 1.155217
2.628000 1.154572
2.633000 1.153927
2.638000 1.153282
2.643000 1.152638
2.648000 1.151993
2.653000 1.151348
2.658000 1.150703
2.663000 1.150059
2.668000 1.149414
2.673000 1.148769
2.678000 1.148124
2.683000 1.147479
2.688000 1.146835
2.693000 1.146190
2.698000 1.145545
2.703000 1.144900
2.708000 1.144256
2.713000 1.143611
2.718000 1.142966
2.723000 1.142321
2.728000 1.141677
2.733000 1.141032
2.738000 1.140387
2.743000 1.139742
2.748000 1.139097
2.753000 1.138453
2.758000 1.137808
2.763000 1.137163
2.768000 1.136518
2.773000 1.135874
2.778000 1.135229
2.783000 1.134584
2.788000 1.133939
2.793000 1.133295
2.798000 1.132650
2.803000 1.132005
2.808000 1.131360
2.813000 1.130715
2.818000 1.130071
2.823000 1.129426
2.828000 1.128781
2.833000 1.128136
2.838000 1.127492
2.843000 1.126847
2.848000 1.126202
2.853000 1.125557
2.858000 1.124913
2.863000 1.124268
2.868000 1.123623
2.873000 1.122978
2.878000 1.122333
2.883000 1.121689
2.888000 1.121044
2.893000 1.120399
2.898000 1.119754
2.903000 1.119110
2.908000 1.118465
2.913000 1.117820
2.918000 1.117175
2.923000 1.116531
2.928000 1.115886
2.933000 1.115241
2.938000 1.114596
2.943000 1.114004
2.948000 1.113458
2.953000 1.112912
2.958000 1.112366
2.963000 1.111820
2.968000 1.111275
2.973000 1.110729
2.978000 1.110183
2.983000 1.109637
2.988000 1.109091
2.993000 1.108545
2.998000 1.108000
3.003000 1.107454
3.008000 1.106908
3.013000 1.106362
3.018000 1.105816
3.023000 1.105271
3.028000 1.104725
3.033000 1.104179
3.038000 1.103633
3.043000 1.103087
3.048000 1.102541
3.053000 1.101996
3.058000 1.101450
3.063000 1.100904
3.068000 1.100358
3.073000 1.099812
3.078000 1.099266
3.083000 1.098721
3.088000 1.098175
3.093000 1.097629
3.098000 1.097083
3.103000 1.096537
3.108000 1.095991
3.113000 1.095446
3.118000 1.094900
3.123000 1.094354
3.128000 1.093808
3.133000 1.093262
3.138000 1.092716
3.143000 1.092171
3.148000 1.091625
3.153000 1.091079
3.158000 1.090533
3.163000 1.089987
3.168000 1.089441
3.173000 1.088896
3.178000 1.088350
3.183000 1.087804
3.188000 1.087258
3.193000 1.086712
3.198000 1.086166
3.203000 1.085621
3.208000 1.085075
3.213000 1.084529
3.218000 1.083983
3.223000 1.083437
3.228000 1.082891
3.233000 1.082346
3.238000 1.081800
3.243000 1.081254
3.248000 1.080708
3.253000 1.080162
3.258000 1.079617
3.263000 1.079071
3.268000 1.078525
3.273000 1.077979
3.278000 1.077433
3.283000 1.076887
3.288000 1.076342
3.293000 1.075796
3.298000 1.075250
3.303000 1.074704
3.308000 1.074158
3.313000 1.073612
3.318000 1.073067
3.323000 1.072521
3.328000 1.071975
3.333000 1.071429
3.338000 1.070883
3.343000 1.070337
3.348000 1.069792
3.353000 1.069246
3.358000 1.068700
3.363000 1.068233
3.368000 1.067769
3.373000 1.067305
3.378000 1.066841
3.383000 1.066377
3.388000 1.065912
3.393000 1.065448
3.398000 1.064984
3.403000 1.064520
3.408000 1.064056
3.413000 1.063592
3.418000 1.063128
3.423000 1.062663
3.428000 1.062199
3.433000 1.061735
3.438000 1.061271
3.443000 1.060807
3.448000 1.060343
3.453000 1.059878
3.458000 1.059414
3.463000 1.058950
3.468000 1.058486
3.473000 1.058022
3.478000 1.057558
3.483000 1.057093
3.488000 1.056629
3.493000 1.056165
3.498000 1.055701
3.503000 1.055237
3.508000 1.054773
3.513000 1.054308
3.518000 1.053844
3.523000 1.053380
3.528000 1.052916
3.533000 1.052452
3.538000 1.051988
3.543000 1.051523
3.548000 1.051059
3.553000 1.050595
3.558000 1.050131
3.563000 1.049667
3.568000 1.049203
3.573000 1.048738
3.578000 1.048274
3.583000 1.047810
3.588000 1.047346
3.593000 1.046882
3.598000 1.046418
3.603000 1.045953
3.608000 1.045489
3.613000 1.045025
3.618000 1.044561
3.623000 1.044097
3.628000 1.043633
3.633000 1.043168
3.638000 1.042704
3.643000 1.042240
3.648000 1.041776
3.653000 1.041312
3.658000 1.040848
3.663000 1.040383
3.668000 1.039919
3.673000 1.039455
3.678000 1.038991
3.683000 1.038527
3.688000 1.038063
3.693000 1.037598
3.698000 1.037134
3.703000 1.036670
3.708000 1.036206
3.713000 1.035742
3.718000 1.035278
3.723000 1.034813
3.728000 1.034349
3.733000 1.033885
3.738000 1.033421
3.743000 1.032957
3.748000 1.032493
3.753000 1.032028
3.758000 1.031564
3.763000 1.031100
3.768000 1.030636
3.773000 1.030172
3.778000 1.029708
3.783000 1.029244
3.788000 1.028779
3.793000 1.028315
3.798000 1.027851
3.803000 1.027387
3.808000 1.026923
3.813000 1.026459
3.818000 1.025994
3.823000 1.025530
3.828000 1.025066
3.833000 1.024602
3.838000 1.024193
3.843000 1.023806
3.848000 1.023419
3.853000 1.023032
3.858000 1.022645
3.863000 1.022258
3.868000 1.021871
3.873000 1.021484
3.878000 1.021097
3.883000 1.020710
3.888000 1.020323
3.893000 1.019936
3.898000 1.019549
3.903000 1.019162
3.908000 1.018775
3.913000 1.018388
3.918000 1.018001
3.923000 1.017614
3.928000 1.017228
3.933000 1.016841
3.938000 1.016454
3.943000 1.016067
3.948000 1.015680
3.953000 1.015293
3.958000 1.014906
3.963000 1.014519
3.968000 1.014132
3.973000 1.013745
3.978000 1.013358
3.983000 1.012971
3.988000 1.012584
3.993000 1.012197
3.998000 1.011810
4.003000 1.011423
4.008000 1.011036
4.013000 1.010649
4.018000 1.010262
4.023000 1.009875
4.028000 1.009488
4.033000 1.009101
4.038000 1.008714
4.043000 1.008327
4.048000 1.007940
4.053000 1.007553
4.058000 1.007166
4.063000 1.006779
4.068000 1.006392
4.073000 1.006005
4.078000 1.005618
4.083000 1.005232
4.088000 1.004845
4.093000 1.004458
4.098000 1.004071
4.103000 1.003684
4.108000 1.003297
4.113000 1.002910
4.118000 1.002523
4.123000 1.002136
4.128000 1.001749
4.133000 1.001362
4.138000 1.000975
4.143000 1.000588
4.148000 1.000201
4.153000 0.999814
4.158000 0.999427
4.163000 0.999040
4.168000 0.998653
4.173000 0.998266
4.178000 0.997879
4.183000 0.997492
4.188000 0.997105
4.193000 0.996718
4.198000 0.996331
4.203000 0.995944
4.208000 0.995557
4.213000 0.995170
4.218000 0.994783
4.223000 0.994396
4.228000 0.994009
4.233000 0.993622
4.238000 0.993236
4.243000 0.992849
4.248000 0.992462
4.253000 0.992075
4.258000 0.991688
4.263000 0.991301
4.268000 0.990914
4.273000 0.990527
4.278000 0.990140
4.283000 0.989753
4.288000 0.989366
4.293000 0.988979
4.298000 0.988592
4.303000 0.988205
4.308000 0.987818
4.313000 0.987431
4.318000 0.987044
4.323000 0.986657
4.328000 0.986270
4.333000 0.985883
4.338000 0.985496
4.343000 0.985109
4.348000 0.984722
4.353000 0.984335
4.358000 0.983948
4.363000 0.983561
4.368000 0.983174
4.373000 0.982787
4.378000 0.982420
4.383000 0.982090
4.388000 0.981760
4.393000 0.981429
4.398000 0.981099
4.403000 0.980769
4.408000 0.980438
4.413000 0.980108
4.418000 0.979778
4.423000 0.979447
4.428000 0.979117
4.433000 0.978787
4.438000 0.978456
4.443000 0.978126
4.448000 0.977796
4.453000 0.977465
4.458000 0.977135
4.463000 0.976804
4.468000 0.976474
4.473000 0.976144
4.478000 0.975813
4.483000 0.975483
4.488000 0.975153
4.493000 0.974822
4.498000 0.974492
4.503000 0.974162
4.508000 0.973831
4.513000 0.973501
4.518000 0.973171
4.523000 0.972840
4.528000 0.972510
4.533000 0.972179
4.538000 0.971849
4.543000 0.971519
4.548000 0.971188
4.553000 0.970858
4.558000 0.970528
4.563000 0.970197
4.568000 0.969867
4.573000 0.969537
4.578000 0.969206
4.583000 0.968876
4.588000 0.968546
4.593000 0.968215
4.598000 0.967885
4.603000 0.967555
4.608000 0.967224
4.613000 0.966894
4.618000 0.966563
4.623000 0.966233
4.628000 0.965903
4.633000 0.965572
4.638000 0.965242
4.643000 0.964912
4.648000 0.964581
4.653000 0.964251
4.658000 0.963921
4.663000 0.963590
4.668000 0.963260
4.673000 0.962930
4.678000 0.962599
4.683000 0.962269
4.688000 0.961938
4.693000 0.961608
4.698000 0.961278
4.703000 0.960947
4.708000 0.960617
4.713000 0.960287
4.718000 0.959956
4.723000 0.959626
4.728000 0.959296
4.733000 0.958965
4.738000 0.958635
4.743000 0.958305
4.748000 0.957974
4.753000 0.957644
4.758000 0.957314
4.763000 0.956983
4.768000 0.956653
4.773000 0.956322
4.778000 0.955992
4.783000 0.955662
4.788000 0.955331
4.793000 0.955001
4.798000 0.954671
4.803000 0.954340
4.808000 0.954010
4.813000 0.953680
4.818000 0.953349
4.823000 0.953019
4.828000 0.952689
4.833000 0.952358
4.838000 0.952028
4.843000 0.951697
4.848000 0.951367
4.853000 0.951037
4.858000 0.950706
4.863000 0.950376
4.868000 0.950046
4.873000 0.949715
4.878000 0.949385
4.883000 0.949055
4.888000 0.948724
4.893000 0.948394
4.898000 0.948064
4.903000 0.947733
4.908000 0.947403
4.913000 0.947073
4.918000 0.946742
4.923000 0.946412
4.928000 0.946081
4.933000 0.945751
4.938000 0.945421
4.943000 0.945090
4.948000 0.944760
4.953000 0.944430
4.958000 0.944099
4.963000 0.943769
4.968000 0.943439
4.973000 0.943108
4.978000 0.942778
4.983000 0.942448
4.988000 0.942132
4.993000 0.941852
4.998000 0.941573
5.003000 0.941293
5.008000 0.941014
5.013000 0.940734
5.018000 0.940454
5.023000 0.940175
5.028000 0.939895
5.033000 0.939616
5.038000 0.939336
5.043000 0.939056
5.048000 0.938777
5.053000 0.938497
5.058000 0.938218
5.063000 0.937938
5.068000 0.937658
5.073000 0.937379
5.078000 0.937099
5.083000 0.936820
5.088000 0.936540
5.093000 0.936260
5.098000 0.935981
5.103000 0.935701
5.108000 0.935422
5.113000 0.935142
5.118000 0.934862
5.123000 0.934583
5.128000 0.934303
5.133000 0.934024
5.138000 0.933744
5.143000 0.933464
5.148000 0.933185
5.153000 0.932905
5.158000 0.932626
5.163000 0.932346
5.168000 0.932066
5.173000 0.931787
5.178000 0.931507
5.183000 0.931228
5.188000 0.930948
5.193000 0.930668
5.198000 0.930389
5.203000 0.930109
5.208000 0.929830
5.213000 0.929550
5.218000 0.929270
5.223000 0.928991
5.228000 0.928711
5.233000 0.928432
5.238000 0.928152
5.243000 0.927872
5.248000 0.927593
5.253000 0.927313
5.258000 0.927033
5.263000 0.926754
5.268000 0.926474
5.273000 0.926195
5.278000 0.925915
5.283000 0.925635
5.288000 0.925356
5.293000 0.925076
5.298000 0.924797
5.303000 0.924517
5.308000 0.924237
5.313000 0.923958
5.318000 0.923678
5.323000 0.923399
5.328000 0.923119
5.333000 0.922839
5.338000 0.922560
5.343000 0.922280
5.348000 0.922001
5.353000 0.921721
5.358000 0.921441
5.363000 0.921162
5.368000 0.920882
5.373000 0.920603
5.378000 0.920323
5.383000 0.920043
5.388000 0.919764
5.393000 0.919484
5.398000 0.919205
5.403000 0.918925
5.408000 0.918645
5.413000 0.918366
5.418000 0.918086
5.423000 0.917807
5.428000 0.917527
5.433000 0.917247
5.438000 0.916968
5.443000 0.916688
5.448000 0.916409
5.453000 0.916129
5.458000 0.915849
5.463000 0.915570
5.468000 0.915290
5.473000 0.915011
5.478000 0.914731
5.483000 0.914451
5.488000 0.914172
5.493000 0.913892
5.498000 0.913613
5.503000 0.913333
5.508000 0.913053
5.513000 0.912774
5.518000 0.912494
5.523000 0.912215
5.528000 0.911935
5.533000 0.911655
5.538000 0.911376
5.543000 0.911096
5.548000 0.910817
5.553000 0.910537
5.558000 0.910257
5.563000 0.909978
5.568000 0.909698
5.573000 0.909419
5.578000 0.909139
5.583000 0.908859
5.588000 0.908580
5.593000 0.908300
5.598000 0.908021
5.603000 0.907741
5.608000 0.907461
5.613000 0.907182
5.618000 0.906902
5.623000 0.906623
5.628000 0.906343
5.633000 0.906063
5.638000 0.905784
5.643000 0.905504
5.648000 0.905225
5.653000 0.904945
5.658000 0.904665
5.663000 0.904386
5.668000 0.904106
5.673000 0.903827
5.678000 0.903547
5.683000 0.903311
5.688000 0.903076
5.693000 0.902840
5.698000 0.902605
5.703000 0.902369
5.708000 0.902134
5.713000 0.901898
5.718000 0.901663
5.723000 0.901427
5.728000 0.901192
5.733000 0.900956
5.738000 0.900721
5.743000 0.900485
5.748000 0.900250
5.753000 0.900014
5.758000 0.899779
5.763000 0.899544
5.768000 0.899308
5.773000 0.899073
5.778000 0.898837
5.783000 0.898602
5.788000 0.898366
5.793000 0.898131
5.798000 0.897895
5.803000 0.897660
5.808000 0.897424
5.813000 0.897189
5.818000 0.896953
5.823000 0.896718
5.828000 0.896482
5.833000 0.896247
5.838000 0.896011
5.843000 0.895776
5.848000 0.895540
5.853000 0.895305
5.858000 0.895070
5.863000 0.894834
5.868000 0.894599
5.873000 0.894363
5.878000 0.894128
5.883000 0.893892
5.888000 0.893657
5.893000 0.893421
5.898000 0.893186
5.903000 0.892950
5.908000 0.892715
5.913000 0.892479
5.918000 0.892244
5.923000 0.892008
5.928000 0.891773
5.933000 0.891537
5.938000 0.891302
5.943000 0.891067
5.948000 0.890831
5.953000 0.890596
5.958000 0.890360
5.963000 0.890125
5.968000 0.889889
5.973000 0.889654
5.978000 0.889418
5.983000 0.889183
5.988000 0.888947
5.993000 0.888712
5.998000 0.888476
6.003000 0.888241
6.008000 0.888005
6.013000 0.887770
6.018000 0.887534
6.023000 0.887299
6.028000 0.887064
6.033000 0.886828
6.038000 0.886593
6.043000 0.886357
6.048000 0.886122
6.053000 0.885886
6.058000 0.885651
6.063000 0.885415
6.068000 0.885180
6.073000 0.884944
6.078000 0.884709
6.083000 0.884473
6.088000 0.884238
6.093000 0.884002
6.098000 0.883767
6.103000 0.883531
6.108000 0.883296
6.113000 0.883061
6.118000 0.882825
6.123000 0.882590
6.128000 0.882354
6.133000 0.882119
6.138000 0.881883
6.143000 0.881648
6.148000 0.881412
6.153000 0.881177
6.158000 0.880941
6.163000 0.880706
6.168000 0.880470
6.173000 0.880235
6.178000 0.879999
6.183000 0.879764
6.188000 0.879528
6.193000 0.879293
6.198000 0.879057
6.203000 0.878822
6.208000 0.878587
6.213000 0.878351
6.218000 0.878116
6.223000 0.877880
6.228000 0.877645
6.233000 0.877409
6.238000 0.877174
6.243000 0.876938
6.248000 0.876703
6.253000 0.876467
6.258000 0.876232
6.263000 0.875996
6.268000 0.875761
6.273000 0.875525
6.278000 0.875290
6.283000 0.875054
6.288000 0.874819
6.293000 0.874584
6.298000 0.874348
6.303000 0.874113
6.308000 0.873877
6.313000 0.873642
6.318000 0.873406
6.323000 0.873171
6.328000 0.872935
6.333000 0.872700
6.338000 0.872464
6.343000 0.872229
6.348000 0.871993
6.353000 0.871758
6.358000 0.871522
6.363000 0.871287
6.368000 0.871051
6.373000 0.870816
6.378000 0.870581
6.383000 0.870345
6.388000 0.870110
6.393000 0.869874
6.398000 0.869639
6.403000 0.869403
6.408000 0.869168
6.413000 0.868932
6.418000 0.868697
6.423000 0.868461
6.428000 0.868226
6.433000 0.867990
6.438000 0.867755
6.443000 0.867519
6.448000 0.867284
6.453000 0.867048
6.458000 0.866813
6.463000 0.866578
6.468000 0.866361
6.473000 0.866162
6.478000 0.865963
6.483000 0.865765
6.488000 0.865566
6.493000 0.865367
6.498000 0.865169
6.503000 0.864970
6.508000 0.864771
6.513000 0.864573
6.518000 0.864374
6.523000 0.864175
6.528000 0.863976
6.533000 0.863778
6.538000 0.863579
6.543000 0.863380
6.548000 0.863182
6.553000 0.862983
6.558000 0.862784
6.563000 0.862586
6.568000 0.862387
6.573000 0.862188
6.578000 0.861990
6.583000 0.861791
6.588000 0.861592
6.593000 0.861394
6.598000 0.861195
6.603000 0.860996
6.608000 0.860798
6.613000 0.860599
6.618000 0.860400
6.623000 0.860202
6.628000 0.860003
6.633000 0.859804
6.638000 0.859605
6.643000 0.859407
6.648000 0.859208
6.653000 0.859009
6.658000 0.858811
6.663000 0.858612
6.668000 0.858413
6.673000 0.858215
6.678000 0.858016
6.683000 0.857817
6.688000 0.857619
6.693000 0.857420
6.698000 0.857221
6.703000 0.857023
6.708000 0.856824
6.713000 0.856625
6.718000 0.856427
6.723000 0.856228
6.728000 0.856029
6.733000 0.855830
6.738000 0.855632
6.743000 0.855433
6.748000 0.855234
6.753000 0.855036
6.758000 0.854837
6.763000 0.854638
6.768000 0.854440
6.773000 0.854241
6.778000 0.854042
6.783000 0.853844
6.788000 0.853645
6.793000 0.853446
6.798000 0.853248
6.803000 0.853049
6.808000 0.852850
6.813000 0.852652
6.818000 0.852453
6.823000 0.852254
6.828000 0.852056
6.833000 0.851857
6.838000 0.851658
6.843000 0.851459
6.848000 0.851261
6.853000 0.851062
6.858000 0.850863
6.863000 0.850665
6.868000 0.850466
6.873000 0.850267
6.878000 0.850069
6.883000 0.849870
6.888000 0.849671
6.893000 0.849473
6.898000 0.849274
6.903000 0.849075
6.908000 0.848877
6.913000 0.848678
6.918000 0.848479
6.923000 0.848281
6.928000 0.848082
6.933000 0.847883
6.938000 0.847685
6.943000 0.847486
6.948000 0.847287
6.953000 0.847088
6.958000 0.846890
6.963000 0.846691
6.968000 0.846492
6.973000 0.846294
6.978000 0.846095
6.983000 0.845896
6.988000 0.845698
6.993000 0.845499
6.998000 0.845300
7.003000 0.845102
7.008000 0.844903
7.013000 0.844704
7.018000 0.844506
7.023000 0.844307
7.028000 0.844108
7.033000 0.843910
7.038000 0.843711
7.043000 0.843512
7.048000 0.843313
7.053000 0.843115
7.058000 0.842916
7.063000 0.842717
7.068000 0.842519
7.073000 0.842320
7.078000 0.842121
7.083000 0.841923
7.088000 0.841724
7.093000 0.841525
7.098000 0.841327
7.103000 0.841128
7.108000 0.840929
7.113000 0.840731
7.118000 0.840532
7.123000 0.840333
7.128000 0.840135
7.133000 0.839936
7.138000 0.839737
7.143000 0.839539
7.148000 0.839340
7.153000 0.839141
7.158000 0.838942
7.163000 0.838744
7.168000 0.838545
7.173000 0.838346
7.178000 0.838148
7.183000 0.837949
7.188000 0.837750
7.193000 0.837552
7.198000 0.837353
7.203000 0.837154
7.208000 0.836956
7.213000 0.836757
7.218000 0.836558
7.223000 0.836360
7.228000 0.836161
7.233000 0.835962
7.238000 0.835764
7.243000 0.835565
7.248000 0.835366
7.253000 0.835167
7.258000 0.834969
7.263000 0.834770
7.268000 0.834571
7.273000 0.834373
7.278000 0.834174
7.283000 0.833975
7.288000 0.833777
7.293000 0.833578
7.298000 0.833379
7.303000 0.833181
7.308000 0.832982
7.313000 0.832783
7.318000 0.832585
7.323000 0.832386
7.328000 0.832187
7.333000 0.831989
7.338000 0.831790
7.343000 0.831591
7.348000 0.831393
7.353000 0.831194
7.358000 0.830995
7.363000 0.830813
7.368000 0.830646
7.373000 0.830478
7.378000 0.830311
7.383000 0.830144
7.388000 0.829977
7.393000 0.829809
7.398000 0.829642
7.403000 0.829475
7.408000 0.829307
7.413000 0.829140
7.418000 0.828973
7.423000 0.828806
7.428000 0.828638
7.433000 0.828471
7.438000 0.828304
7.443000 0.828136
7.448000 0.827969
7.453000 0.827802
7.458000 0.827635
7.463000 0.827467
7.468000 0.827300
7.473000 0.827133
7.478000 0.826965
7.483000 0.826798
7.488000 0.826631
7.493000 0.826464
7.498000 0.826296
7.503000 0.826129
7.508000 0.825962
7.513000 0.825794
7.518000 0.825627
7.523000 0.825460
7.528000 0.825293
7.533000 0.825125
7.538000 0.824958
7.543000 0.824791
7.548000 0.824623
7.553000 0.824456
7.558000 0.824289
7.563000 0.824121
7.568000 0.823954
7.573000 0.823787
7.578000 0.823620
7.583000 0.823452
7.588000 0.823285
7.593000 0.823118
7.598000 0.822950
7.603000 0.822783
7.608000 0.822616
7.613000 0.822449
7.618000 0.822281
7.623000 0.822114
7.628000 0.821947
7.633000 0.821779
7.638000 0.821612
7.643000 0.821445
7.648000 0.821278
7.653000 0.821110
7.658000 0.820943
7.663000 0.820776
7.668000 0.820608
7.673000 0.820441
7.678000 0.820274
7.683000 0.820107
7.688000 0.819939
7.693000 0.819772
7.698000 0.819605
7.703000 0.819437
7.708000 0.819270
7.713000 0.819103
7.718000 0.818936
7.723000 0.818768
7.728000 0.818601
7.733000 0.818434
7.738000 0.818266
7.743000 0.818099
7.748000 0.817932
7.753000 0.817765
7.758000 0.817597
7.763000 0.817430
7.768000 0.817263
7.773000 0.817095
7.778000 0.816928
7.783000 0.816761
7.788000 0.816594
7.793000 0.816426
7.798000 0.816259
7.803000 0.816092
7.808000 0.815924
7.813000 0.815757
7.818000 0.815590
7.823000 0.815423
7.828000 0.815255
7.833000 0.815088
7.838000 0.814921
7.843000 0.814753
7.848000 0.814586
7.853000 0.814419
7.858000 0.814252
7.863000 0.814084
7.868000 0.813917
7.873000 0.813750
7.878000 0.813582
7.883000 0.813415
7.888000 0.813248
7.893000 0.813081
7.898000 0.812913
7.903000 0.812746
7.908000 0.812579
7.913000 0.812411
7.918000 0.812244
7.923000 0.812077
7.928000 0.811910
7.933000 0.811742
7.938000 0.811575
7.943000 0.811408
7.948000 0.811240
7.953000 0.811073
7.958000 0.810906
7.963000 0.810739
7.968000 0.810571
7.973000 0.810404
7.978000 0.810237
7.983000 0.810069
7.988000 0.809902
7.993000 0.809735
7.998000 0.809568
8.003000 0.809400
8.008000 0.809233
8.013000 0.809066
8.018000 0.808898
8.023000 0.808731
8.028000 0.808564
8.033000 0.808397
8.038000 0.808229
8.043000 0.808062
8.048000 0.807895
8.053000 0.807727
8.058000 0.807560
8.063000 0.807393
8.068000 0.807226
8.073000 0.807058
8.078000 0.806891
8.083000 0.806724
8.088000 0.806556
8.093000 0.806389
8.098000 0.806222
8.103000 0.806055
8.108000 0.805887
8.113000 0.805720
8.118000 0.805553
8.123000 0.805385
8.128000 0.805218
8.133000 0.805051
8.138000 0.804884
8.143000 0.804716
8.148000 0.804549
8.153000 0.804382
8.158000 0.804214
8.163000 0.804047
8.168000 0.803880
8.173000 0.803713
8.178000 0.803545
8.183000 0.803378
8.188000 0.803211
8.193000 0.803043
8.198000 0.802876
8.203000 0.802709
8.208000 0.802542
8.213000 0.802374
8.218000 0.802207
8.223000 0.802040
8.228000 0.801872
8.233000 0.801705
8.238000 0.801538
8.243000 0.801371
8.248000 0.801203
8.253000 0.801036
8.258000 0.800869
8.263000 0.800701
8.268000 0.800534
8.273000 0.800367
8.278000 0.800200
8.283000 0.800032
8.288000 0.799865
8.293000 0.799698
8.298000 0.799530
8.303000 0.799363
8.308000 0.799196
8.313000 0.799029
8.318000 0.798861
8.323000 0.798694
8.328000 0.798527
8.333000 0.798359
8.338000 0.798192
8.343000 0.798025
8.348000 0.797858
8.353000 0.797694
8.358000 0.797552
8.363000 0.797410
8.368000 0.797268
8.373000 0.797126
8.378000 0.796984
8.383000 0.796842
8.388000 0.796700
8.393000 0.796558
8.398000 0.796416
8.403000 0.796274
8.408000 0.796132
8.413000 0.795990
8.418000 0.795847
8.423000 0.795705
8.428000 0.795563
8.433000 0.795421
8.438000 0.795279
8.443000 0.795137
8.448000 0.794995
8.453000 0.794853
8.458000 0.794711
8.463000 0.794569
8.468000 0.794427
8.473000 0.794285
8.478000 0.794143
8.483000 0.794001
8.488000 0.793858
8.493000 0.793716
8.498000 0.793574
8.503000 0.793432
8.508000 0.793290
8.513000 0.793148
8.518000 0.793006
8.523000 0.792864
8.528000 0.792722
8.533000 0.792580
8.538000 0.792438
8.543000 0.792296
8.548000 0.792154
8.553000 0.792012
8.558000 0.791870
8.563000 0.791727
8.568000 0.791585
8.573000 0.791443
8.578000 0.791301
8.583000 0.791159
8.588000 0.791017
8.593000 0.790875
8.598000 0.790733
8.603000 0.790591
8.608000 0.790449
8.613000 0.790307
8.618000 0.790165
8.623000 0.790023
8.628000 0.789881
8.633000 0.789738
8.638000 0.789596
8.643000 0.789454
8.648000 0.789312
8.653000 0.789170
8.658000 0.789028
8.663000 0.788886
8.668000 0.788744
8.673000 0.788602
8.678000 0.788460
8.683000 0.788318
8.688000 0.788176
8.693000 0.788034
8.698000 0.787892
8.703000 0.787750
8.708000 0.787607
8.713000 0.787465
8.718000 0.787323
8.723000 0.787181
8.728000 0.787039
8.733000 0.786897
8.738000 0.786755
8.743000 0.786613
8.748000 0.786471
8.753000 0.786329
8.758000 0.786187
8.763000 0.786045
8.768000 0.785903
8.773000 0.785761
8.778000 0.785618
8.783000 0.785476
8.788000 0.785334
8.793000 0.785192
8.798000 0.785050
8.803000 0.784908
8.808000 0.784766
8.813000 0.784624
8.818000 0.784482
8.823000 0.784340
8.828000 0.784198
8.833000 0.784056
8.838000 0.783914
8.843000 0.783772
8.848000 0.783629
8.853000 0.783487
8.858000 0.783345
8.863000 0.783203
8.868000 0.783061
8.873000 0.782919
8.878000 0.782777
8.883000 0.782635
8.888000 0.782493
8.893000 0.782351
8.898000 0.782209
8.903000 0.782067
8.908000 0.781925
8.913000 0.781783
8.918000 0.781641
8.923000 0.781498
8.928000 0.781356
8.933000 0.781214
8.938000 0.781072
8.943000 0.780930
8.948000 0.780788
8.953000 0.780646
8.958000 0.780504
8.963000 0.780362
8.968000 0.780220
8.973000 0.780078
8.978000 0.779936
8.983000 0.779794
8.988000 0.779652
8.993000 0.779509
8.998000 0.779367
9.003000 0.779225
9.008000 0.779083
9.013000 0.778941
9.018000 0.778799
9.023000 0.778657
9.028000 0.778515
9.033000 0.778373
9.038000 0.778231
9.043000 0.778089
9.048000 0.777947
9.053000 0.777805
9.058000 0.777663
9.063000 0.777521
9.068000 0.777378
9.073000 0.777236
9.078000 0.777094
9.083000 0.776952
9.088000 0.776810
9.093000 0.776668
9.098000 0.776526
9.103000 0.776384
9.108000 0.776242
9.113000 0.776100
9.118000 0.775958
9.123000 0.775816
9.128000 0.775674
9.133000 0.775532
9.138000 0.775389
9.143000 0.775247
9.148000 0.775105
9.153000 0.774963
9.158000 0.774821
9.163000 0.774679
9.168000 0.774537
9.173000 0.774395
9.178000 0.774253
9.183000 0.774111
9.188000 0.773969
9.193000 0.773827
9.198000 0.773685
9.203000 0.773543
9.208000 0.773401
9.213000 0.773258
9.218000 0.773116
9.223000 0.772974
9.228000 0.772832
9.233000 0.772690
9.238000 0.772548
9.243000 0.772406
9.248000 0.772264
9.253000 0.772122
9.258000 0.771980
9.263000 0.771838
9.268000 0.771696
9.273000 0.771554
9.278000 0.771412
9.283000 0.771269
9.288000 0.771127
9.293000 0.770985
9.298000 0.770843
9.303000 0.770701
9.308000 0.770559
9.313000 0.770417
9.318000 0.770275
9.323000 0.770133
9.328000 0.769991
9.333000 0.769849
9.338000 0.769707
9.343000 0.769565
9.348000 0.769423
9.353000 0.769281
9.358000 0.769138
9.363000 0.768996
9.368000 0.768854
9.373000 0.768712
9.378000 0.768570
9.383000 0.768428
9.388000 0.768286
9.393000 0.768144
9.398000 0.768002
9.403000 0.767860
9.408000 0.767718
9.413000 0.767576
9.418000 0.767434
9.423000 0.767292
9.428000 0.767149
9.433000 0.767007
9.438000 0.766865
9.443000 0.766723
9.448000 0.766581
9.453000 0.766439
9.458000 0.766297
9.463000 0.766155
9.468000 0.766013
9.473000 0.765871
9.478000 0.765729
9.483000 0.765587
9.488000 0.765445
9.493000 0.765303
9.498000 0.765174
9.503000 0.765054
9.508000 0.764935
9.513000 0.764816
9.518000 0.764696
9.523000 0.764577
9.528000 0.764458
9.533000 0.764338
9.538000 0.764219
9.543000 0.764100
9.548000 0.763980
9.553000 0.763861
9.558000 0.763742
9.563000 0.763622
9.568000 0.763503
9.573000 0.763384
9.578000 0.763264
9.583000 0.763145
9.588000 0.763026
9.593000 0.762906
9.598000 0.762787
9.603000 0.762668
9.608000 0.762548
9.613000 0.762429
9.618000 0.762310
9.623000 0.762190
9.628000 0.762071
9.633000 0.761952
9.638000 0.761832
9.643000 0.761713
9.648000 0.761594
9.653000 0.761475
9.658000 0.761355
9.663000 0.761236
9.668000 0.761117
9.673000 0.760997
9.678000 0.760878
9.683000 0.760759
9.688000 0.760639
9.693000 0.760520
9.698000 0.760401
9.703000 0.760281
9.708000 0.760162
9.713000 0.760043
9.718000 0.759923
9.723000 0.759804
9.728000 0.759685
9.733000 0.759565
9.738000 0.759446
9.743000 0.759327
9.748000 0.759207
9.753000 0.759088
9.758000 0.758969
9.763000 0.758849
9.768000 0.758730
9.773000 0.758611
9.778000 0.758491
9.783000 0.758372
9.788000 0.758253
9.793000 0.758133
9.798000 0.758014
9.803000 0.757895
9.808000 0.757775
9.813000 0.757656
9.818000 0.757537
9.823000 0.757417
9.828000 0.757298
9.833000 0.757179
9.838000 0.757059
9.843000 0.756940
9.848000 0.756821
9.853000 0.756701
9.858000 0.756582
9.863000 0.756463
9.868000 0.756343
9.873000 0.756224
9.878000 0.756105
9.883000 0.755985
9.888000 0.755866
9.893000 0.755747
9.898000 0.755627
9.903000 0.755508
9.908000 0.755389
9.913000 0.755269
9.918000 0.755150
9.923000 0.755031
9.928000 0.754912
9.933000 0.754792
9.938000 0.754673
9.943000 0.754554
9.948000 0.754434
9.953000 0.754315
9.958000 0.754196
9.963000 0.754076
9.968000 0.753957
9.973000 0.753838
9.978000 0.753718
9.983000 0.753599
9.988000 0.753480
9.993000 0.753360
9.998000 0.753241
10.003000 0.753122
10.008000 0.753002
10.013000 0.752883
10.018000 0.752764
10.023000 0.752644
10.028000 0.752525
10.033000 0.752406
10.038000 0.752286
10.043000 0.752167
10.048000 0.752048
10.053000 0.751928
10.058000 0.751809
10.063000 0.751690
10.068000 0.751570
10.073000 0.751451
10.078000 0.751332
10.083000 0.751212
10.088000 0.751093
10.093000 0.750974
10.098000 0.750854
10.103000 0.750735
10.108000 0.750616
10.113000 0.750496
10.118000 0.750377
10.123000 0.750258
10.128000 0.750138
10.133000 0.750019
10.138000 0.749900
10.143000 0.749780
10.148000 0.749661
10.153000 0.749542
10.158000 0.749422
10.163000 0.749303
10.168000 0.749184
10.173000 0.749064
10.178000 0.748945
10.183000 0.748826
10.188000 0.748706
10.193000 0.748587
10.198000 0.748468
10.203000 0.748348
10.208000 0.748229
10.213000 0.748110
10.218000 0.747991
10.223000 0.747871
10.228000 0.747752
10.233000 0.747633
10.238000 0.747513
10.243000 0.747394
10.248000 0.747275
10.253000 0.747155
10.258000 0.747036
10.263000 0.746917
10.268000 0.746797
10.273000 0.746678
10.278000 0.746559
10.283000 0.746439
10.288000 0.746320
10.293000 0.746201
10.298000 0.746081
10.303000 0.745962
10.308000 0.745843
10.313000 0.745723
10.318000 0.745604
10.323000 0.745485
10.328000 0.745365
10.333000 0.745246
10.338000 0.745127
10.343000 0.745007
10.348000 0.744888
10.353000 0.744769
10.358000 0.744649
10.363000 0.744530
10.368000 0.744411
10.373000 0.744291
10.378000 0.744172
10.383000 0.744053
10.388000 0.743933
10.393000 0.743814
10.398000 0.743695
10.403000 0.743575
10.408000 0.743456
10.413000 0.743337
10.418000 0.743217
10.423000 0.743098
10.428000 0.742979
10.433000 0.742859
10.438000 0.742740
10.443000 0.742621
10.448000 0.742501
10.453000 0.742382
10.458000 0.742263
10.463000 0.742143
10.468000 0.742024
10.473000 0.741905
10.478000 0.741785
10.483000 0.741666
10.488000 0.741547
10.493000 0.741428
10.498000 0.741308
10.503000 0.741189
10.508000 0.741070
10.513000 0.740950
10.518000 0.740831
10.523000 0.740712
10.528000 0.740592
10.533000 0.740473
10.538000 0.740354
10.543000 0.740234
10.548000 0.740115
10.553000 0.739996
10.558000 0.739876
10.563000 0.739757
10.568000 0.739638
10.573000 0.739518
10.578000 0.739399
10.583000 0.739280
10.588000 0.739160
10.593000 0.739041
10.598000 0.738922
10.603000 0.738802
10.608000 0.738683
10.613000 0.738564
10.618000 0.738444
10.623000 0.738325
10.628000 0.738206
10.633000 0.738086
10.638000 0.737967
10.643000 0.737848
10.648000 0.737728
10.653000 0.737609
10.658000 0.737490
10.663000 0.737370
10.668000 0.737251
10.673000 0.737132
10.678000 0.737012
10.683000 0.736893
10.688000 0.736774
10.693000 0.736654
10.698000 0.736535
10.703000 0.736416
10.708000 0.736296
10.713000 0.736177
10.718000 0.736058
10.723000 0.735938
10.728000 0.735819
10.733000 0.735700
10.738000 0.735580
10.743000 0.735461
10.748000 0.735342
10.753000 0.735222
10.758000 0.735103
10.763000 0.734984
10.768000 0.734865
10.773000 0.734745
10.778000 0.734626
10.783000 0.734507
10.788000 0.734387
10.793000 0.734268
10.798000 0.734152
10.803000 0.734051
10.808000 0.733949
10.813000 0.733848
10.818000 0.733746
10.823000 0.733645
10.828000 0.733543
10.833000 0.733441
10.838000 0.733340
10.843000 0.733238
10.848000 0.733137
10.853000 0.733035
10.858000 0.732934
10.863000 0.732832
10.868000 0.732731
10.873000 0.732629
10.878000 0.732528
10.883000 0.732426
10.888000 0.732324
10.893000 0.732223
10.898000 0.732121
10.903000 0.732020
10.908000 0.731918
10.913000 0.731817
10.918000 0.731715
10.923000 0.731614
10.928000 0.731512
10.933000 0.731410
10.938000 0.731309
10.943000 0.731207
10.948000 0.731106
10.953000 0.731004
10.958000 0.730903
10.963000 0.730801
10.968000 0.730700
10.973000 0.730598
10.978000 0.730496
10.983000 0.730395
10.988000 0.730293
10.993000 0.730192
10.998000 0.730090
11.003000 0.729989
11.008000 0.729887
11.013000 0.729786
11.018000 0.729684
11.023000 0.729582
11.028000 0.729481
11.033000 0.729379
11.038000 0.729278
11.043000 0.729176
11.048000 0.729075
11.053000 0.728973
11.058000 0.728872
11.063000 0.728770
11.068000 0.728668
11.073000 0.728567
11.078000 0.728465
11.083000 0.728364
11.088000 0.728262
11.093000 0.728161
11.098000 0.728059
11.103000 0.727958
11.108000 0.727856
11.113000 0.727754
11.118000 0.727653
11.123000 0.727551
11.128000 0.727450
11.133000 0.727348
11.138000 0.727247
11.143000 0.727145
11.148000 0.727044
11.153000 0.726942
11.158000 0.726840
11.163000 0.726739
11.168000 0.726637
11.173000 0.726536
11.178000 0.726434
11.183000 0.726333
11.188000 0.726231
11.193000 0.726130
11.198000 0.726028
11.203000 0.725926
11.208000 0.725825
11.213000 0.725723
11.218000 0.725622
11.223000 0.725520
11.228000 0.725419
11.233000 0.725317
11.238000 0.725216
11.243000 0.725114
11.248000 0.725012
11.253000 0.724911
11.258000 0.724809
11.263000 0.724708
11.268000 0.724606
11.273000 0.724505
11.278000 0.724403
11.283000 0.724302
11.288000 0.724200
11.293000 0.724099
11.298000 0.723997
11.303000 0.723895
11.308000 0.723794
11.313000 0.723692
11.318000 0.723591
11.323000 0.723489
11.328000 0.723388
11.333000 0.723286
11.338000 0.723185
11.343000 0.723083
11.348000 0.722981
11.353000 0.722880
11.358000 0.722778
11.363000 0.722677
11.368000 0.722575
11.373000 0.722474
11.378000 0.722372
11.383000 0.722271
11.388000 0.722169
11.393000 0.722067
11.398000 0.721966
11.403000 0.721864
11.408000 0.721763
11.413000 0.721661
11.418000 0.721560
11.423000 0.721458
11.428000 0.721357
11.433000 0.721255
11.438000 0.721153
11.443000 0.721052
11.448000 0.720950
11.453000 0.720849
11.458000 0.720747
11.463000 0.720646
11.468000 0.720544
11.473000 0.720443
11.478000 0.720341
11.483000 0.720239
11.488000 0.720138
11.493000 0.720036
11.498000 0.719935
11.503000 0.719833
11.508000 0.719732
11.513000 0.719630
11.518000 0.719529
11.523000 0.719427
11.528000 0.719325
11.533000 0.719224
11.538000 0.719122
11.543000 0.719021
11.548000 0.718919
11.553000 0.718818
11.558000 0.718716
11.563000 0.718615
11.568000 0.718513
11.573000 0.718411
11.578000 0.718310
11.583000 0.718208
11.588000 0.718107
11.593000 0.718005
11.598000 0.717904
11.603000 0.717802
11.608000 0.717701
11.613000 0.717599
11.618000 0.717497
11.623000 0.717396
11.628000 0.717294
11.633000 0.717193
11.638000 0.717091
11.643000 0.716990
11.648000 0.716888
11.653000 0.716787
11.658000 0.716685
11.663000 0.716583
11.668000 0.716482
11.673000 0.716380
11.678000 0.716279
11.683000 0.716177
11.688000 0.716076
11.693000 0.715974
11.698000 0.715873
11.703000 0.715771
11.708000 0.715669
11.713000 0.715568
11.718000 0.715466
11.723000 0.715365
11.728000 0.715263
11.733000 0.715162
11.738000 0.715060
11.743000 0.714959
11.748000 0.714857
11.753000 0.714756
11.758000 0.714654
11.763000 0.714552
11.768000 0.714451
11.773000 0.714349
11.778000 0.714248
11.783000 0.714146
11.788000 0.714045
11.793000 0.713943
11.798000 0.713842
11.803000 0.713740
11.808000 0.713638
11.813000 0.713537
11.818000 0.713435
11.823000 0.713334
11.828000 0.713232
11.833000 0.713131
11.838000 0.713029
11.843000 0.712928
11.848000 0.712826
11.853000 0.712724
11.858000 0.712623
11.863000 0.712521
11.868000 0.712420
11.873000 0.712318
11.878000 0.712217
11.883000 0.712115
11.888000 0.712014
11.893000 0.711912
11.898000 0.711810
11.903000 0.711709
11.908000 0.711607
11.913000 0.711506
11.918000 0.711404
11.923000 0.711303
11.928000 0.711201
11.933000 0.711100
11.938000 0.710998
11.943000 0.710896
11.948000 0.710795
11.953000 0.710693
11.958000 0.710592
11.963000 0.710490
11.968000 0.710389
11.973000 0.710287
11.978000 0.710186
11.983000 0.710084
11.988000 0.709982
11.993000 0.709881
11.998000 0.709779
12.003000 0.709678
12.008000 0.709576
12.013000 0.709475
12.018000 0.709373
12.023000 0.709272
12.028000 0.709170
12.033000 0.709068
12.038000 0.708967
12.043000 0.708865
12.048000 0.708764
12.053000 0.708662
12.058000 0.708561
12.063000 0.708459
12.068000 0.708358
12.073000 0.708256
12.078000 0.708154
12.083000 0.708053
12.088000 0.707951
12.093000 0.707850
12.098000 0.707748
12.103000 0.707647
12.108000 0.707545
12.113000 0.707444
12.118000 0.707342
12.123000 0.707240
12.128000 0.707139
12.133000 0.707037
12.138000 0.706936
12.143000 0.706834
12.148000 0.706733
12.153000 0.706631
12.158000 0.706530
12.163000 0.706428
12.168000 0.706327
12.173000 0.706225
12.178000 0.706123
12.183000 0.706022
12.188000 0.705920
12.193000 0.705819
12.198000 0.705717
12.203000 0.705616
12.208000 0.705514
12.213000 0.705413
12.218000 0.705311
12.223000 0.705209
12.228000 0.705108
12.233000 0.705006
12.238000 0.704905
12.243000 0.704803
12.248000 0.704702
12.253000 0.704600
12.258000 0.704499
12.263000 0.704397
12.268000 0.704295
12.273000 0.704194
12.278000 0.704092
12.283000 0.703991
12.288000 0.703889
12.293000 0.703788
12.298000 0.703686
12.303000 0.703585
12.308000 0.703483
12.313000 0.703396
12.318000 0.703311
12.323000 0.703225
12.328000 0.703140
12.333000 0.703054
12.338000 0.702969
12.343000 0.702884
12.348000 0.702798
12.353000 0.702713
12.358000 0.702627
12.363000 0.702542
12.368000 0.702456
12.373000 0.702371
12.378000 0.702285
12.383000 0.702200
12.388000 0.702114
12.393000 0.702029
12.398000 0.701943
12.403000 0.701858
12.408000 0.701772
12.413000 0.701687
12.418000 0.701601
12.423000 0.701516
12.428000 0.701430
12.433000 0.701345
12.438000 0.701259
12.443000 0.701174
12.448000 0.701088
12.453000 0.701003
12.458000 0.700918
12.463000 0.700832
12.468000 0.700747
12.473000 0.700661
12.478000 0.700576
12.483000 0.700490
12.488000 0.700405
12.493000 0.700319
12.498000 0.700234
12.503000 0.700148
12.508000 0.700063
12.513000 0.699977
12.518000 0.699892
12.523000 0.699806
12.528000 0.699721
12.533000 0.699635
12.538000 0.699550
12.543000 0.699464
12.548000 0.699379
12.553000 0.699293
12.558000 0.699208
12.563000 0.699123
12.568000 0.699037
12.573000 0.698952
12.578000 0.698866
12.583000 0.698781
12.588000 0.698695
12.593000 0.698610
12.598000 0.698524
12.603000 0.698439
12.608000 0.698353
12.613000 0.698268
12.618000 0.698182
12.623000 0.698097
12.628000 0.698011
12.633000 0.697926
12.638000 0.697840
12.643000 0.697755
12.648000 0.697669
12.653000 0.697584
12.658000 0.697498
12.663000 0.697413
12.668000 0.697327
12.673000 0.697242
12.678000 0.697157
12.683000 0.697071
12.688000 0.696986
12.693000 0.696900
12.698000 0.696815
12.703000 0.696729
12.708000 0.696644
12.713000 0.696558
12.718000 0.696473
12.723000 0.696387
12.728000 0.696302
12.733000 0.696216
12.738000 0.696131
12.743000 0.696045
12.748000 0.695960
12.753000 0.695874
12.758000 0.695789
12.763000 0.695703
12.768000 0.695618
12.773000 0.695532
12.778000 0.695447
12.783000 0.695362
12.788000 0.695276
12.793000 0.695191
12.798000 0.695105
12.803000 0.695020
12.808000 0.694934
12.813000 0.694849
12.818000 0.694763
12.823000 0.694678
12.828000 0.694592
12.833000 0.694507
12.838000 0.694421
12.843000 0.694336
12.848000 0.694250
12.853000 0.694165
12.858000 0.694079
12.863000 0.693994
12.868000 0.693908
12.873000 0.693823
12.878000 0.693737
12.883000 0.693652
12.888000 0.693567
12.893000 0.693481
12.898000 0.693396
12.903000 0.693310
12.908000 0.693225
12.913000 0.693139
12.918000 0.693054
12.923000 0.692968
12.928000 0.692883
12.933000 0.692797
12.938000 0.692712
12.943000 0.692626
12.948000 0.692541
12.953000 0.692455
12.958000 0.692370
12.963000 0.692284
12.968000 0.692199
12.973000 0.692113
12.978000 0.692028
12.983000 0.691942
12.988000 0.691857
12.993000 0.691771
12.998000 0.691686
13.003000 0.691601
13.008000 0.691515
13.013000 0.691430
13.018000 0.691344
13.023000 0.691259
13.028000 0.691173
13.033000 0.691088
13.038000 0.691002
13.043000 0.690917
13.048000 0.690831
13.053000 0.690746
13.058000 0.690660
13.063000 0.690575
13.068000 0.690489
13.073000 0.690404
13.078000 0.690318
13.083000 0.690233
13.088000 0.690147
13.093000 0.690062
13.098000 0.689976
13.103000 0.689891
13.108000 0.689806
13.113000 0.689720
13.118000 0.689635
13.123000 0.689549
13.128000 0.689464
13.133000 0.689378
13.138000 0.689293
13.143000 0.689207
13.148000 0.689122
13.153000 0.689036
13.158000 0.688951
13.163000 0.688865
13.168000 0.688780
13.173000 0.688694
13.178000 0.688609
13.183000 0.688523
13.188000 0.688438
13.193000 0.688352
13.198000 0.688267
13.203000 0.688181
13.208000 0.688096
13.213000 0.688010
13.218000 0.687925
13.223000 0.687840
13.228000 0.687754
13.233000 0.687669
13.238000 0.687583
13.243000 0.687498
13.248000 0.687412
13.253000 0.687327
13.258000 0.687241
13.263000 0.687156
13.268000 0.687070
13.273000 0.686985
13.278000 0.686899
13.283000 0.686814
13.288000 0.686728
13.293000 0.686643
13.298000 0.686557
13.303000 0.686472
13.308000 0.686386
13.313000 0.686301
13.318000 0.686215
13.323000 0.686130
13.328000 0.686045
13.333000 0.685959
13.338000 0.685874
13.343000 0.685788
13.348000 0.685703
13.353000 0.685617
13.358000 0.685532
13.363000 0.685446
13.368000 0.685361
13.373000 0.685275
13.378000 0.685190
13.383000 0.685104
13.388000 0.685019
13.393000 0.684933
13.398000 0.684848
13.403000 0.684762
13.408000 0.684677
13.413000 0.684591
13.418000 0.684506
13.423000 0.684420
13.428000 0.684335
13.433000 0.684250
13.438000 0.684164
13.443000 0.684079
13.448000 0.683993
13.453000 0.683908
13.458000 0.683822
13.463000 0.683737
13.468000 0.683651
13.473000 0.683566
13.478000 0.683480
13.483000 0.683395
13.488000 0.683309
13.493000 0.683224
13.498000 0.683138
13.503000 0.683053
13.508000 0.682967
13.513000 0.682882
13.518000 0.682796
13.523000 0.682711
13.528000 0.682625
13.533000 0.682540
13.538000 0.682454
13.543000 0.682369
13.548000 0.682284
13.553000 0.682198
13.558000 0.682113
13.563000 0.682027
13.568000 0.681942
13.573000 0.681856
13.578000 0.681771
13.583000 0.681685
13.588000 0.681600
13.593000 0.681514
13.598000 0.681429
13.603000 0.681343
13.608000 0.681258
13.613000 0.681172
13.618000 0.681087
13.623000 0.681001
13.628000 0.680916
13.633000 0.680830
13.638000 0.680745
13.643000 0.680659
13.648000 0.680574
13.653000 0.680489
13.658000 0.680403
13.663000 0.680318
13.668000 0.680232
13.673000 0.680147
13.678000 0.680061
13.683000 0.679976
13.688000 0.679890
13.693000 0.679805
13.698000 0.679719
13.703000 0.679634
13.708000 0.679548
13.713000 0.679463
13.718000 0.679377
13.723000 0.679292
13.728000 0.679206
13.733000 0.679121
13.738000 0.679035
13.743000 0.678950
13.748000 0.678864
13.753000 0.678779
13.758000 0.678693
13.763000 0.678608
13.768000 0.678523
13.773000 0.678437
13.778000 0.678352
13.783000 0.678266
13.788000 0.678181
13.793000 0.678095
13.798000 0.678010
13.803000 0.677924
13.808000 0.677839
13.813000 0.677753
13.818000 0.677668
13.823000 0.677582
13.828000 0.677497
13.833000 0.677411
13.838000 0.677326
13.843000 0.677240
13.848000 0.677155
13.853000 0.677069
13.858000 0.676984
13.863000 0.676898
13.868000 0.676813
13.873000 0.676728
13.878000 0.676642
13.883000 0.676557
13.888000 0.676471
13.893000 0.676386
13.898000 0.676300
13.903000 0.676215
13.908000 0.676129
13.913000 0.676044
13.918000 0.675958
13.923000 0.675873
13.928000 0.675787
13.933000 0.675702
13.938000 0.675616
13.943000 0.675531
13.948000 0.675445
13.953000 0.675360
13.958000 0.675274
13.963000 0.675189
13.968000 0.675103
13.973000 0.675018
13.978000 0.674933
13.983000 0.674847
13.988000 0.674762
13.993000 0.674677
13.998000 0.674605
14.003000 0.674534
14.008000 0.674462
14.013000 0.674391
14.018000 0.674319
14.023000 0.674247
14.028000 0.674176
14.033000 0.674104
14.038000 0.674033
14.043000 0.673961
14.048000 0.673889
14.053000 0.673818
14.058000 0.673746
14.063000 0.673675
14.068000 0.673603
14.073000 0.673531
14.078000 0.673460
14.083000 0.673388
14.088000 0.673317
14.093000 0.673245
14.098000 0.673173
14.103000 0.673102
14.108000 0.673030
14.113000 0.672958
14.118000 0.672887
14.123000 0.672815
14.128000 0.672744
14.133000 0.672672
14.138000 0.672600
14.143000 0.672529
14.148000 0.672457
14.153000 0.672386
14.158000 0.672314
14.163000 0.672242
14.168000 0.672171
14.173000 0.672099
14.178000 0.672028
14.183000 0.671956
14.188000 0.671884
14.193000 0.671813
14.198000 0.671741
14.203000 0.671670
14.208000 0.671598
14.213000 0.671526
14.218000 0.671455
14.223000 0.671383
14.228000 0.671312
14.233000 0.671240
14.238000 0.671168
14.243000 0.671097
14.248000 0.671025
14.253000 0.670954
14.258000 0.670882
14.263000 0.670810
14.268000 0.670739
14.273000 0.670667
14.278000 0.670595
14.283000 0.670524
14.288000 0.670452
14.293000 0.670381
14.298000 0.670309
14.303000 0.670237
14.308000 0.670166
14.313000 0.670094
14.318000 0.670023
14.323000 0.669951
14.328000 0.669879
14.333000 0.669808
14.338000 0.669736
14.343000 0.669665
14.348000 0.669593
14.353000 0.669521
14.358000 0.669450
14.363000 0.669378
14.368000 0.669307
14.373000 0.669235
14.378000 0.669163
14.383000 0.669092
14.388000 0.669020
14.393000 0.668949
14.398000 0.668877
14.403000 0.668805
14.408000 0.668734
14.413000 0.668662
14.418000 0.668591
14.423000 0.668519
14.428000 0.668447
14.433000 0.668376
14.438000 0.668304
14.443000 0.668232
14.448000 0.668161
14.453000 0.668089
14.458000 0.668018
14.463000 0.667946
14.468000 0.667874
14.473000 0.667803
14.478000 0.667731
14.483000 0.667660
14.488000 0.667588
14.493000 0.667516
14.498000 0.667445
14.503000 0.667373
14.508000 0.667302
14.513000 0.667230
14.518000 0.667158
14.523000 0.667087
14.528000 0.667015
14.533000 0.666944
14.538000 0.666872
14.543000 0.666800
14.548000 0.666729
14.553000 0.666657
14.558000 0.666586
14.563000 0.666514
14.568000 0.666442
14.573000 0.666371
14.578000 0.666299
14.583000 0.666228
14.588000 0.666156
14.593000 0.666084
14.598000 0.666013
14.603000 0.665941
14.608000 0.665869
14.613000 0.665798
14.618000 0.665726
14.623000 0.665655
14.628000 0.665583
14.633000 0.665511
14.638000 0.665440
14.643000 0.665368
14.648000 0.665297
14.653000 0.665225
14.658000 0.665153
14.663000 0.665082
14.668000 0.665010
14.673000 0.664939
14.678000 0.664867
14.683000 0.664795
14.688000 0.664724
14.693000 0.664652
14.698000 0.664581
14.703000 0.664509
14.708000 0.664437
14.713000 0.664366
14.718000 0.664294
14.723000 0.664223
14.728000 0.664151
14.733000 0.664079
14.738000 0.664008
14.743000 0.663936
14.748000 0.663864
14.753000 0.663793
14.758000 0.663721
14.763000 0.663650
14.768000 0.663578
14.773000 0.663506
14.778000 0.663435
14.783000 0.663363
14.788000 0.663292
14.793000 0.663220
14.798000 0.663148
14.803000 0.663077
14.808000 0.663005
14.813000 0.662934
14.818000 0.662862
14.823000 0.662790
14.828000 0.662719
14.833000 0.662647
14.838000 0.662576
14.843000 0.662504
14.848000 0.662432
14.853000 0.662361
14.858000 0.662289
14.863000 0.662218
14.868000 0.662146
14.873000 0.662074
14.878000 0.662003
14.883000 0.661931
14.888000 0.661860
14.893000 0.661788
14.898000 0.661716
14.903000 0.661645
14.908000 0.661573
14.913000 0.661501
14.918000 0.661430
14.923000 0.661358
14.928000 0.661287
14.933000 0.661215
14.938000 0.661143
14.943000 0.661072
14.948000 0.661000
14.953000 0.660929
14.958000 0.660857
14.963000 0.660785
14.968000 0.660714
14.973000 0.660642
14.978000 0.660571
14.983000 0.660499
14.988000 0.660427
14.993000 0.660356
14.998000 0.660284
15.003000 0.660213
15.008000 0.660141
15.013000 0.660069
15.018000 0.659998
15.023000 0.659926
15.028000 0.659855
15.033000 0.659783
15.038000 0.659711
15.043000 0.659640
15.048000 0.659568
15.053000 0.659497
15.058000 0.659425
15.063000 0.659353
15.068000 0.659282
15.073000 0.659210
15.078000 0.659138
15.083000 0.659067
15.088000 0.658995
15.093000 0.658924
15.098000 0.658852
15.103000 0.658780
15.108000 0.658709
15.113000 0.658637
15.118000 0.658566
15.123000 0.658494
15.128000 0.658422
15.133000 0.658351
15.138000 0.658279
15.143000 0.658208
15.148000 0.658136
15.153000 0.658064
15.158000 0.657993
15.163000 0.657921
15.168000 0.657850
15.173000 0.657778
15.178000 0.657706
15.183000 0.657635
15.188000 0.657563
15.193000 0.657492
15.198000 0.657420
15.203000 0.657348
15.208000 0.657277
15.213000 0.657205
15.218000 0.657134
15.223000 0.657062
15.228000 0.656990
15.233000 0.656919
15.238000 0.656847
15.243000 0.656775
15.248000 0.656704
15.253000 0.656632
15.258000 0.656561
15.263000 0.656489
15.268000 0.656417
15.273000 0.656346
15.278000 0.656274
15.283000 0.656203
15.288000 0.656131
15.293000 0.656059
15.298000 0.655988
15.303000 0.655916
15.308000 0.655845
15.313000 0.655773
15.318000 0.655701
15.323000 0.655630
15.328000 0.655558
15.333000 0.655487
15.338000 0.655415
15.343000 0.655343
15.348000 0.655272
15.353000 0.655200
15.358000 0.655129
15.363000 0.655057
15.368000 0.654985
15.373000 0.654914
15.378000 0.654842
15.383000 0.654770
15.388000 0.654699
15.393000 0.654627
15.398000 0.654556
15.403000 0.654484
15.408000 0.654412
15.413000 0.654341
15.418000 0.654269
15.423000 0.654198
15.428000 0.654126
15.433000 0.654054
15.438000 0.653983
15.443000 0.653911
15.448000 0.653840
15.453000 0.653768
15.458000 0.653696
15.463000 0.653625
15.468000 0.653553
15.473000 0.653482
15.478000 0.653410
15.483000 0.653338
15.488000 0.653267
15.493000 0.653195
15.498000 0.653124
15.503000 0.653052
15.508000 0.652980
15.513000 0.652909
15.518000 0.652837
15.523000 0.652766
15.528000 0.652694
15.533000 0.652622
15.538000 0.652551
15.543000 0.652479
15.548000 0.652407
15.553000 0.652336
15.558000 0.652264
15.563000 0.652193
15.568000 0.652121
15.573000 0.652049
15.578000 0.651978
15.583000 0.651906
15.588000 0.651835
15.593000 0.651763
15.598000 0.651691
15.603000 0.651620
15.608000 0.651548
15.613000 0.651477
15.618000 0.651405
15.623000 0.651333
15.628000 0.651262
15.633000 0.651190
15.638000 0.651119
15.643000 0.651047
15.648000 0.650975
15.653000 0.650904
15.658000 0.650832
15.663000 0.650761
15.668000 0.650689
15.673000 0.650617
15.678000 0.650546
15.683000 0.650474
15.688000 0.650403
15.693000 0.650331
15.698000 0.650259
15.703000 0.650188
15.708000 0.650116
15.713000 0.650044
15.718000 0.649973
15.723000 0.649901
15.728000 0.649830
15.733000 0.649758
15.738000 0.649686
15.743000 0.649615
15.748000 0.649543
15.753000 0.649472
15.758000 0.649400
15.763000 0.649328
15.768000 0.649257
15.773000 0.649185
15.778000 0.649114
15.783000 0.649042
15.788000 0.648970
15.793000 0.648899
15.798000 0.648827
15.803000 0.648756
15.808000 0.648684
15.813000 0.648612
15.818000 0.648541
15.823000 0.648469
15.828000 0.648398
15.833000 0.648326
15.838000 0.648254
15.843000 0.648183
15.848000 0.648111
15.853000 0.648040
15.858000 0.647968
15.863000 0.647896
15.868000 0.647825
15.873000 0.647753
15.878000 0.647681
15.883000 0.647610
15.888000 0.647538
15.893000 0.647467
15.898000 0.647395
15.903000 0.647330
15.908000 0.647269
15.913000 0.647209
15.918000 0.647148
15.923000 0.647088
15.928000 0.647027
15.933000 0.646967
15.938000 0.646906
15.943000 0.646846
15.948000 0.646785
15.953000 0.646725
15.958000 0.646664
15.963000 0.646604
15.968000 0.646543
15.973000 0.646483
15.978000 0.646422
15.983000 0.646361
15.988000 0.646301
15.993000 0.646240
15.998000 0.646180
16.003000 0.646119
16.008000 0.646059
16.013000 0.645998
16.018000 0.645938
16.023000 0.645877
16.028000 0.645817
16.033000 0.645756
16.038000 0.645696
16.043000 0.645635
16.048000 0.645575
16.053000 0.645514
16.058000 0.645454
16.063000 0.645393
16.068000 0.645333
16.073000 0.645272
16.078000 0.645212
16.083000 0.645151
16.088000 0.645090
16.093000 0.645030
16.098000 0.644969
16.103000 0.644909
16.108000 0.644848
16.113000 0.644788
16.118000 0.644727
16.123000 0.644667
16.128000 0.644606
16.133000 0.644546
16.138000 0.644485
16.143000 0.644425
16.148000 0.644364
16.153000 0.644304
16.158000 0.644243
16.163000 0.644183
16.168000 0.644122
16.173000 0.644062
16.178000 0.644001
16.183000 0.643941
16.188000 0.643880
16.193000 0.643819
16.198000 0.643759
16.203000 0.643698
16.208000 0.643638
16.213000 0.643577
16.218000 0.643517
16.223000 0.643456
16.228000 0.643396
16.233000 0.643335
16.238000 0.643275
16.243000 0.643214
16.248000 0.643154
16.253000 0.643093
16.258000 0.643033
16.263000 0.642972
16.268000 0.642912
16.273000 0.642851
16.278000 0.642791
16.283000 0.642730
16.288000 0.642670
16.293000 0.642609
16.298000 0.642548
16.303000 0.642488
16.308000 0.642427
16.313000 0.642367
16.318000 0.642306
16.323000 0.642246
16.328000 0.642185
16.333000 0.642125
16.338000 0.642064
16.343000 0.642004
16.348000 0.641943
16.353000 0.641883
16.358000 0.641822
16.363000 0.641762
16.368000 0.641701
16.373000 0.641641
16.378000 0.641580
16.383000 0.641520
16.388000 0.641459
16.393000 0.641399
16.398000 0.641338
16.403000 0.641277
16.408000 0.641217
16.413000 0.641156
16.418000 0.641096
16.423000 0.641035
16.428000 0.640975
16.433000 0.640914
16.438000 0.640854
16.443000 0.640793
16.448000 0.640733
16.453000 0.640672
16.458000 0.640612
16.463000 0.640551
16.468000 0.640491
16.473000 0.640430
16.478000 0.640370
16.483000 0.640309
16.488000 0.640249
16.493000 0.640188
16.498000 0.640128
16.503000 0.640067
16.508000 0.640006
16.513000 0.639946
16.518000 0.639885
16.523000 0.639825
16.528000 0.639764
16.533000 0.639704
16.538000 0.639643
16.543000 0.639583
16.548000 0.639522
16.553000 0.639462
16.558000 0.639401
16.563000 0.639341
16.568000 0.639280
16.573000 0.639220
16.578000 0.639159
16.583000 0.639099
16.588000 0.639038
16.593000 0.638978
16.598000 0.638917
16.603000 0.638857
16.608000 0.638796
16.613000 0.638735
16.618000 0.638675
16.623000 0.638614
16.628000 0.638554
16.633000 0.638493
16.638000 0.638433
16.643000 0.638372
16.648000 0.638312
16.653000 0.638251
16.658000 0.638191
16.663000 0.638130
16.668000 0.638070
16.673000 0.638009
16.678000 0.637949
16.683000 0.637888
16.688000 0.637828
16.693000 0.637767
16.698000 0.637707
16.703000 0.637646
16.708000 0.637586
16.713000 0.637525
16.718000 0.637464
16.723000 0.637404
16.728000 0.637343
16.733000 0.637283
16.738000 0.637222
16.743000 0.637162
16.748000 0.637101
16.753000 0.637041
16.758000 0.636980
16.763000 0.636920
16.768000 0.636859
16.773000 0.636799
16.778000 0.636738
16.783000 0.636678
16.788000 0.636617
16.793000 0.636557
16.798000 0.636496
16.803000 0.636436
16.808000 0.636375
16.813000 0.636315
16.818000 0.636254
16.823000 0.636193
16.828000 0.636133
16.833000 0.636072
16.838000 0.636012
16.843000 0.635951
16.848000 0.635891
16.853000 0.635830
16.858000 0.635770
16.863000 0.635709
16.868000 0.635649
16.873000 0.635588
16.878000 0.635528
16.883000 0.635467
16.888000 0.635407
16.893000 0.635346
16.898000 0.635286
16.903000 0.635225
16.908000 0.635165
16.913000 0.635104
16.918000 0.635044
16.923000 0.634983
16.928000 0.634922
16.933000 0.634862
16.938000 0.634801
16.943000 0.634741
16.948000 0.634680
16.953000 0.634620
16.958000 0.634559
16.963000 0.634499
16.968000 0.634438
16.973000 0.634378
16.978000 0.634317
16.983000 0.634257
16.988000 0.634196
16.993000 0.634136
16.998000 0.634075
17.003000 0.634015
17.008000 0.633954
17.013000 0.633894
17.018000 0.633833
17.023000 0.633773
17.028000 0.633712
17.033000 0.633651
17.038000 0.633591
17.043000 0.633530
17.048000 0.633470
17.053000 0.633409
17.058000 0.633349
17.063000 0.633288
17.068000 0.633228
17.073000 0.633167
17.078000 0.633107
17.083000 0.633046
17.088000 0.632986
17.093000 0.632925
17.098000 0.632865
17.103000 0.632804
17.108000 0.632744
17.113000 0.632683
17.118000 0.632623
17.123000 0.632562
17.128000 0.632502
17.133000 0.632441
17.138000 0.632380
17.143000 0.632320
17.148000 0.632259
17.153000 0.632199
17.158000 0.632138
17.163000 0.632078
17.168000 0.632017
17.173000 0.631957
17.178000 0.631896
17.183000 0.631836
17.188000 0.631775
17.193000 0.631715
17.198000 0.631654
17.203000 0.631594
17.208000 0.631533
17.213000 0.631473
17.218000 0.631412
17.223000 0.631352
17.228000 0.631291
17.233000 0.631231
17.238000 0.631170
17.243000 0.631109
17.248000 0.631049
17.253000 0.630988
17.258000 0.630928
17.263000 0.630867
17.268000 0.630807
17.273000 0.630746
17.278000 0.630686
17.283000 0.630625
17.288000 0.630565
17.293000 0.630504
17.298000 0.630444
17.303000 0.630383
17.308000 0.630323
17.313000 0.630262
17.318000 0.630202
17.323000 0.630141
17.328000 0.630081
17.333000 0.630020
17.338000 0.629960
17.343000 0.629899
17.348000 0.629838
17.353000 0.629778
17.358000 0.629717
17.363000 0.629657
17.368000 0.629596
17.373000 0.629536
17.378000 0.629475
