mass(solarmass) age(Myr)        period(days)    log(mdotfactor) bfield(kG)        Keplerian period 
0.120000        0.072444        0.797964        0.000000        1.670000         0.835548 
0.120000        0.069183        0.825576        0.000000        1.670000         0.845940 
0.120000        0.077625        0.758376        0.000000        1.670000         0.819125 
0.120000        0.083176        0.739570        0.000000        1.670000         0.802738 
0.120000        0.077625        0.758376        0.000000        1.670000         0.819125 
0.130000        0.061660        0.887554        0.000000        1.670000         0.901476 
0.140000        0.066069        0.834771        0.000000        1.670000         0.911623 
0.140000        0.097724        0.748331        0.000000        1.670000         0.803457 
0.140000        0.100000        0.632558        0.000000        1.670000         0.797234 
0.140000        0.058884        0.915657        0.000000        1.670000         0.943263 
0.140000        0.102329        0.785588        0.000000        1.670000         0.790882 
0.140000        0.085114        0.779248        0.000000        1.670000         0.841618 
0.140000        0.114815        0.650320        0.000000        1.670000         0.759323 
0.140000        0.091201        0.762348        0.000000        1.670000         0.821618 
0.140000        0.057544        0.938573        0.000000        1.670000         0.949665 
0.140000        0.089125        0.768604        0.000000        1.670000         0.828421 
0.140000        0.066069        0.834771        0.000000        1.670000         0.911623 
0.160000        0.134896        0.642923        0.000000        1.670000         0.743962 
0.160000        0.067608        0.879789        0.000000        1.670000         0.957244 
0.160000        0.134896        0.642923        0.000000        1.670000         0.743962 
0.160000        0.131826        0.648019        0.000000        1.670000         0.750924 
0.160000        0.123027        0.660789        0.000000        1.670000         0.770992 
0.160000        0.060256        0.917134        0.000000        1.670000         0.993147 
0.160000        0.134896        0.642923        0.000000        1.670000         0.743962 
0.160000        0.114815        0.677247        0.000000        1.670000         0.792072 
0.170000        0.077625        0.940642        0.000000        1.670000         0.977267 
0.170000        0.079433        0.920242        0.000000        1.670000         0.966769 
0.180000        0.095499        0.733049        0.000000        1.670000         0.907483 
0.180000        0.125893        0.703383        0.000000        1.670000         0.801968 
0.180000        0.112202        0.803770        0.000000        1.670000         0.842694 
0.180000        0.120226        0.742725        0.000000        1.670000         0.817558 
0.180000        0.117490        0.763351        0.000000        1.670000         0.826102 
0.190000        0.074131        0.990727        0.000000        1.670000         1.032097 
0.200000        0.112202        0.835509        0.000000        1.670000         0.850396 
0.200000        0.125893        0.628201        0.000000        1.670000         0.811663 
0.200000        0.181970        0.514917        0.000000        1.670000         0.708569 
0.200000        0.186209        0.519200        0.000000        1.670000         0.703439 
0.200000        0.072444        0.889140        0.000000        1.670000         1.007994 
0.200000        0.165959        0.647103        0.000000        1.670000         0.731308 
0.200000        0.093325        0.760528        0.000000        1.670000         0.912645 
0.200000        0.190546        0.526033        0.000000        1.670000         0.698202 
0.210000        0.083176        0.800353        0.000000        1.670000         0.950974 
0.210000        0.100000        0.381995        0.000000        1.670000         0.886850 
0.210000        0.100000        0.244619        0.000000        1.670000         0.886850 
0.210000        0.134896        0.633231        0.000000        1.670000         0.791376 
0.210000        0.141254        0.635525        0.000000        1.670000         0.777795 
0.220000        0.177828        0.579432        0.000000        1.670000         0.725247 
0.220000        0.089125        0.816445        0.000000        1.670000         0.923868 
0.220000        0.097724        0.805985        0.000000        1.670000         0.892417 
0.220000        0.067608        0.956903        0.000000        1.670000         1.025625 
0.220000        0.190546        0.595401        0.000000        1.670000         0.712601 
0.230000        0.131826        0.696350        0.000000        1.670000         0.799581 
0.230000        0.147911        0.692848        0.000000        1.670000         0.770045 
0.230000        0.123027        0.700150        0.000000        1.670000         0.818507 
0.230000        0.218776        0.594915        0.000000        1.670000         0.699314 
0.250000        0.064565        0.946182        0.000000        1.670000         1.037392 
0.250000        0.063096        0.967231        0.000000        1.670000         1.045924 
0.250000        0.177828        0.678148        0.000000        1.670000         0.745122 
0.250000        0.239883        0.680276        0.000000        1.670000         0.713161 
0.250000        0.263027        0.629554        0.000000        1.670000         0.706378 
0.250000        0.213796        0.629407        0.000000        1.670000         0.720833 
0.250000        0.083176        0.908246        0.000000        1.670000         0.943905 
0.260000        0.199526        0.716272        0.000000        1.670000         0.739338 
0.260000        0.186209        0.713603        0.000000        1.670000         0.747746 
0.260000        0.125893        0.750446        0.000000        1.670000         0.819813 
0.260000        0.165959        0.671347        0.000000        1.670000         0.762022 
0.270000        0.229087        0.705681        0.000000        1.670000         0.735769 
0.270000        0.199526        0.734274        0.000000        1.670000         0.748742 
0.270000        0.165959        0.693579        0.000000        1.670000         0.770846 
0.270000        0.117490        0.763092        0.000000        1.670000         0.841712 
0.270000        0.141254        0.768276        0.000000        1.670000         0.797776 
0.270000        0.138038        0.770796        0.000000        1.670000         0.802742 
0.270000        0.239883        0.718032        0.000000        1.670000         0.732133 
0.270000        0.218776        0.677659        0.000000        1.670000         0.739248 
0.270000        0.066069        0.963204        0.000000        1.670000         1.040687 
0.280000        0.100000        0.795575        0.000000        1.670000         0.893737 
0.280000        0.091201        0.901074        0.000000        1.670000         0.924580 
0.280000        0.281838        0.722539        0.000000        1.670000         0.726680 
0.280000        0.309030        0.683453        0.000000        1.670000         0.716304 
0.290000        0.077625        0.958499        0.000000        1.670000         0.988303 
0.290000        0.128825        0.806078        0.000000        1.670000         0.831631 
0.300000        0.056234        1.096412        0.000000        1.670000         1.133404 
0.300000        0.123027        0.828660        0.000000        1.670000         0.847608 
0.300000        0.107152        0.784411        0.000000        1.670000         0.883543 
0.300000        0.309030        0.665273        0.000000        1.670000         0.732614 
0.300000        0.131826        0.820040        0.000000        1.670000         0.832863 
