mass(solarmass) age(Myr)        period(days)    log(mdotfactor) bfield(kG) 
0.040000        5.495409        0.118438        0.000000        1.670000 
0.050000        0.158489        0.399482        0.000000        1.670000 
0.060000        0.009550        0.656357        0.000000        1.670000 
0.070000        0.199526        0.499921        0.000000        1.670000 
0.070000        0.002344        0.790864        0.000000        1.670000 
0.070000        0.389045        0.385597        0.000000        1.670000 
0.070000        0.239883        0.468734        0.000000        1.670000 
0.070000        0.001905        0.790866        0.000000        1.670000 
0.080000        0.138038        0.613259        0.000000        1.670000 
0.080000        0.169824        0.574973        0.000000        1.670000 
0.080000        2.398833        0.276048        0.000000        1.670000 
0.080000        0.162181        0.583020        0.000000        1.670000 
0.090000        0.081283        0.734983        0.000000        1.670000 
0.090000        0.001072        0.754203        0.000000        1.670000 
0.090000        2.089296        0.307487        0.000000        1.670000 
0.090000        0.087096        0.724783        0.000000        1.670000 
0.090000        0.001288        0.754202        0.000000        1.670000 
0.090000        0.112202        0.681281        0.000000        1.670000 
0.090000        2.187762        0.297065        0.000000        1.670000 
0.090000        1.905461        0.324159        0.000000        1.670000 
0.090000        2.089296        0.307487        0.000000        1.670000 
0.090000        2.089296        0.307487        0.000000        1.670000 
0.090000        0.093325        0.713906        0.000000        1.670000 
0.100000        0.512861        0.418072        0.000000        1.670000 
0.100000        0.069183        0.845199        0.000000        1.670000 
0.100000        0.075858        0.790762        0.000000        1.670000 
0.100000        0.033113        0.863453        0.000000        1.670000 
0.100000        0.061660        0.886622        0.000000        1.670000 
0.100000        1.174898        0.382215        0.000000        1.670000 
0.100000        0.066069        0.861990        0.000000        1.670000 
0.100000        0.288403        0.502530        0.000000        1.670000 
0.100000        0.776247        0.399348        0.000000        1.670000 
0.100000        0.275423        0.512102        0.000000        1.670000 
0.100000        0.380189        0.452889        0.000000        1.670000 
0.100000        1.047129        0.387450        0.000000        1.670000 
0.100000        0.269153        0.516746        0.000000        1.670000 
0.110000        2.238721        0.271576        0.000000        1.670000 
0.110000        0.245471        0.543662        0.000000        1.670000 
0.110000        0.120226        0.698463        0.000000        1.670000 
0.110000        0.141254        0.663001        0.000000        1.670000 
0.110000        0.177828        0.612778        0.000000        1.670000 
0.110000        0.058884        0.919931        0.000000        1.670000 
0.110000        0.051286        0.991797        0.000000        1.670000 
0.110000        0.024547        0.958842        0.000000        1.670000 
0.110000        2.454709        0.250293        0.000000        1.670000 
0.110000        0.022909        0.958843        0.000000        1.670000 
0.110000        0.050119        1.003635        0.000000        1.670000 
0.110000        0.046774        0.906127        0.000000        1.670000 
0.110000        0.038905        0.926812        0.000000        1.670000 
0.110000        0.128825        0.683887        0.000000        1.670000 
0.110000        2.754229        0.227374        0.000000        1.670000 
0.110000        0.002630        0.958862        0.000000        1.670000 
0.110000        0.048978        0.899780        0.000000        1.670000 
0.110000        0.030200        0.949875        0.000000        1.670000 
0.110000        0.052481        0.979944        0.000000        1.670000 
0.110000        0.051286        0.991797        0.000000        1.670000 
0.110000        2.398833        0.255326        0.000000        1.670000 
0.110000        0.204174        0.582791        0.000000        1.670000 
0.110000        2.290868        0.265926        0.000000        1.670000 
0.110000        2.398833        0.255326        0.000000        1.670000 
0.110000        2.630268        0.236263        0.000000        1.670000 
0.110000        0.204174        0.582791        0.000000        1.670000 
0.110000        0.030903        0.948004        0.000000        1.670000 
0.110000        0.194984        0.592806        0.000000        1.670000 
0.120000        0.034674        1.012584        0.000000        1.670000 
0.120000        0.072444        0.797964        0.000000        1.670000 
0.120000        1.778279        0.321198        0.000000        1.670000 
0.120000        1.288250        0.400284        0.000000        1.670000 
0.120000        2.041738        0.283221        0.000000        1.670000 
0.120000        1.548817        0.363262        0.000000        1.670000 
0.120000        2.691535        0.227160        0.000000        1.670000 
0.120000        0.069183        0.825576        0.000000        1.670000 
0.120000        1.995262        0.288789        0.000000        1.670000 
0.120000        1.698244        0.335474        0.000000        1.670000 
0.120000        0.077625        0.758376        0.000000        1.670000 
0.120000        0.083176        0.739570        0.000000        1.670000 
0.120000        0.346737        0.492762        0.000000        1.670000 
0.120000        2.570396        0.235076        0.000000        1.670000 
0.120000        1.819701        0.314223        0.000000        1.670000 
0.120000        0.077625        0.758376        0.000000        1.670000 
0.120000        0.045709        0.954894        0.000000        1.670000 
0.120000        3.162278        0.202678        0.000000        1.670000 
0.130000        0.251189        0.557565        0.000000        1.670000 
0.130000        0.407380        0.491647        0.000000        1.670000 
0.130000        2.187762        0.259438        0.000000        1.670000 
0.130000        2.290868        0.250273        0.000000        1.670000 
0.130000        1.737801        0.313992        0.000000        1.670000 
0.130000        0.275423        0.539957        0.000000        1.670000 
0.130000        0.891251        0.446520        0.000000        1.670000 
0.130000        0.380189        0.496879        0.000000        1.670000 
0.130000        0.041687        1.005279        0.000000        1.670000 
0.130000        0.363078        0.501433        0.000000        1.670000 
0.130000        0.042658        0.999865        0.000000        1.670000 
0.130000        0.891251        0.446520        0.000000        1.670000 
0.130000        1.949845        0.284359        0.000000        1.670000 
0.130000        0.257040        0.553182        0.000000        1.670000 
0.130000        0.263027        0.548710        0.000000        1.670000 
0.130000        0.039811        1.015769        0.000000        1.670000 
0.130000        0.061660        0.887554        0.000000        1.670000 
0.130000        2.398833        0.242067        0.000000        1.670000 
0.130000        0.002188        1.174696        0.000000        1.670000 
0.130000        0.263027        0.548710        0.000000        1.670000 
0.130000        0.051286        1.044566        0.000000        1.670000 
0.130000        0.046774        0.977024        0.000000        1.670000 
0.130000        2.089296        0.268785        0.000000        1.670000 
0.130000        0.275423        0.539957        0.000000        1.670000 
0.130000        1.000000        0.435738        0.000000        1.670000 
0.130000        1.023293        0.433384        0.000000        1.670000 
0.130000        2.041738        0.273969        0.000000        1.670000 
0.130000        1.174898        0.414258        0.000000        1.670000 
0.130000        1.949845        0.284359        0.000000        1.670000 
0.130000        0.057544        0.947452        0.000000        1.670000 
0.130000        2.344229        0.246135        0.000000        1.670000 
0.130000        2.238721        0.254858        0.000000        1.670000 
0.130000        1.698244        0.320465        0.000000        1.670000 
0.130000        1.000000        0.435738        0.000000        1.670000 
0.130000        0.380189        0.496879        0.000000        1.670000 
0.130000        0.407380        0.491647        0.000000        1.670000 
0.140000        0.954993        0.451661        0.000000        1.670000 
0.140000        1.548817        0.331975        0.000000        1.670000 
0.140000        1.288250        0.391379        0.000000        1.670000 
0.140000        0.234423        0.580698        0.000000        1.670000 
0.140000        1.584893        0.325647        0.000000        1.670000 
0.140000        0.154882        0.679185        0.000000        1.670000 
0.140000        0.023988        1.178293        0.000000        1.670000 
0.140000        0.223872        0.590843        0.000000        1.670000 
0.140000        0.005888        1.295377        0.000000        1.670000 
0.140000        0.021878        1.199970        0.000000        1.670000 
0.140000        0.194984        0.621852        0.000000        1.670000 
0.140000        0.020893        1.210127        0.000000        1.670000 
0.140000        0.234423        0.580698        0.000000        1.670000 
0.140000        0.066069        0.834771        0.000000        1.670000 
0.140000        0.010965        1.295370        0.000000        1.670000 
0.140000        0.097724        0.748331        0.000000        1.670000 
0.140000        0.100000        0.632558        0.000000        1.670000 
0.140000        0.010000        1.295372        0.000000        1.670000 
0.140000        0.028184        1.135600        0.000000        1.670000 
0.140000        1.584893        0.325647        0.000000        1.670000 
0.140000        0.162181        0.667686        0.000000        1.670000 
0.140000        0.007413        1.295375        0.000000        1.670000 
0.140000        1.348963        0.376620        0.000000        1.670000 
0.140000        1.174898        0.416994        0.000000        1.670000 
0.140000        0.006026        1.295377        0.000000        1.670000 
0.140000        0.001778        1.295382        0.000000        1.670000 
0.140000        0.058884        0.915657        0.000000        1.670000 
0.140000        0.102329        0.785588        0.000000        1.670000 
0.140000        0.007943        1.295374        0.000000        1.670000 
0.140000        0.004677        1.295379        0.000000        1.670000 
0.140000        0.100000        1.260690        0.000000        1.670000 
0.140000        1.148154        0.422430        0.000000        1.670000 
0.140000        1.584893        0.325647        0.000000        1.670000 
0.140000        0.085114        0.779248        0.000000        1.670000 
0.140000        1.584893        0.325647        0.000000        1.670000 
0.140000        0.023988        1.178293        0.000000        1.670000 
0.140000        0.114815        0.650320        0.000000        1.670000 
0.140000        0.245471        0.571330        0.000000        1.670000 
0.140000        0.091201        0.762348        0.000000        1.670000 
0.140000        1.584893        0.325647        0.000000        1.670000 
0.140000        0.057544        0.938573        0.000000        1.670000 
0.140000        0.169824        0.655715        0.000000        1.670000 
0.140000        0.089125        0.768604        0.000000        1.670000 
0.140000        1.479108        0.346276        0.000000        1.670000 
0.140000        1.348963        0.376620        0.000000        1.670000 
0.140000        0.066069        0.834771        0.000000        1.670000 
0.140000        0.169824        0.655715        0.000000        1.670000 
0.140000        0.021380        1.205103        0.000000        1.670000 
0.140000        0.208930        0.605312        0.000000        1.670000 
0.140000        1.122018        0.427061        0.000000        1.670000 
0.140000        0.223872        0.590843        0.000000        1.670000 
0.140000        0.002818        1.295381        0.000000        1.670000 
0.150000        0.016218        1.312837        0.000000        1.670000 
0.150000        0.363078        0.532535        0.000000        1.670000 
0.150000        0.008511        1.393948        0.000000        1.670000 
0.150000        0.138038        0.723024        0.000000        1.670000 
0.150000        0.036308        1.111644        0.000000        1.670000 
0.150000        0.022387        1.241374        0.000000        1.670000 
0.150000        0.181970        0.649953        0.000000        1.670000 
0.150000        0.000933        1.417959        0.000000        1.670000 
0.150000        0.024547        1.218170        0.000000        1.670000 
0.150000        0.030903        1.154291        0.000000        1.670000 
0.150000        0.015849        1.317517        0.000000        1.670000 
0.150000        0.030200        1.160012        0.000000        1.670000 
0.150000        0.158489        0.685564        0.000000        1.670000 
0.150000        0.204174        0.622139        0.000000        1.670000 
0.150000        0.051286        1.065468        0.000000        1.670000 
0.150000        0.014791        1.330957        0.000000        1.670000 
0.150000        0.017378        1.298642        0.000000        1.670000 
0.150000        0.371535        0.530927        0.000000        1.670000 
0.150000        2.570396        0.223849        0.000000        1.670000 
0.150000        0.022387        1.241374        0.000000        1.670000 
0.150000        0.053703        1.009166        0.000000        1.670000 
0.150000        2.344229        0.237801        0.000000        1.670000 
0.150000        0.006457        1.412830        0.000000        1.670000 
0.150000        0.398107        0.527580        0.000000        1.670000 
0.150000        0.467735        0.518843        0.000000        1.670000 
0.150000        0.018197        1.289220        0.000000        1.670000 
0.150000        0.046774        1.039349        0.000000        1.670000 
0.150000        0.630957        0.499581        0.000000        1.670000 
0.150000        0.053703        1.009166        0.000000        1.670000 
0.150000        0.009333        1.386426        0.000000        1.670000 
0.150000        0.025119        1.212239        0.000000        1.670000 
0.150000        0.239883        0.588245        0.000000        1.670000 
0.150000        0.030200        1.160012        0.000000        1.670000 
0.150000        0.052481        1.037304        0.000000        1.670000 
0.150000        0.891251        0.467517        0.000000        1.670000 
0.150000        2.570396        0.223849        0.000000        1.670000 
0.150000        0.794328        0.481314        0.000000        1.670000 
0.150000        2.951209        0.205005        0.000000        1.670000 
0.150000        0.006310        1.414183        0.000000        1.670000 
0.150000        2.344229        0.237801        0.000000        1.670000 
0.150000        0.371535        0.530927        0.000000        1.670000 
0.150000        0.053703        1.009166        0.000000        1.670000 
0.150000        0.446684        0.521479        0.000000        1.670000 
0.150000        0.181970        0.649953        0.000000        1.670000 
0.150000        0.026915        1.193667        0.000000        1.670000 
0.150000        0.758578        0.485583        0.000000        1.670000 
0.150000        0.053703        1.009166        0.000000        1.670000 
0.150000        0.275423        0.563931        0.000000        1.670000 
0.150000        0.004365        1.417954        0.000000        1.670000 
0.150000        0.033884        1.130700        0.000000        1.670000 
0.150000        2.754229        0.214034        0.000000        1.670000 
0.160000        1.659587        0.298914        0.000000        1.670000 
0.160000        0.021380        1.300883        0.000000        1.670000 
0.160000        0.134896        0.642923        0.000000        1.670000 
0.160000        0.067608        0.879789        0.000000        1.670000 
0.160000        0.038019        1.137484        0.000000        1.670000 
0.160000        1.819701        0.279288        0.000000        1.670000 
0.160000        1.548817        0.315102        0.000000        1.670000 
0.160000        0.005129        1.540716        0.000000        1.670000 
0.160000        0.033113        1.179501        0.000000        1.670000 
0.160000        1.348963        0.352648        0.000000        1.670000 
0.160000        0.037154        1.144859        0.000000        1.670000 
0.160000        0.019953        1.318673        0.000000        1.670000 
0.160000        0.023442        1.275779        0.000000        1.670000 
0.160000        0.134896        0.642923        0.000000        1.670000 
0.160000        0.009333        1.477480        0.000000        1.670000 
0.160000        0.026303        1.245635        0.000000        1.670000 
0.160000        0.131826        0.648019        0.000000        1.670000 
0.160000        1.148154        0.407565        0.000000        1.670000 
0.160000        0.123027        0.660789        0.000000        1.670000 
0.160000        0.012303        1.425755        0.000000        1.670000 
0.160000        0.060256        0.917134        0.000000        1.670000 
0.160000        5.754399        0.138790        0.000000        1.670000 
0.160000        7.413102        0.120646        0.000000        1.670000 
0.160000        0.134896        0.642923        0.000000        1.670000 
0.160000        0.032359        1.186002        0.000000        1.670000 
0.160000        0.030200        1.204956        0.000000        1.670000 
0.160000        1.819701        0.279288        0.000000        1.670000 
0.160000        0.114815        0.677247        0.000000        1.670000 
0.160000        0.011220        1.443077        0.000000        1.670000 
0.160000        0.024547        1.264108        0.000000        1.670000 
0.170000        1.148154        0.399093        0.000000        1.670000 
0.170000        3.890451        0.173403        0.000000        1.670000 
0.170000        0.018621        1.330766        0.000000        1.670000 
0.170000        0.053703        1.300774        0.000000        1.670000 
0.170000        0.077625        0.940642        0.000000        1.670000 
0.170000        0.045709        1.187178        0.000000        1.670000 
0.170000        1.148154        0.399093        0.000000        1.670000 
0.170000        1.318257        0.354086        0.000000        1.670000 
0.170000        19.498446        0.072220        0.000000        1.670000 
0.170000        1.071519        0.423486        0.000000        1.670000 
0.170000        0.056234        1.242317        0.000000        1.670000 
0.170000        0.017783        1.335916        0.000000        1.670000 
0.170000        0.008710        1.405230        0.000000        1.670000 
0.170000        0.037154        1.236305        0.000000        1.670000 
0.170000        1.318257        0.354086        0.000000        1.670000 
0.170000        3.890451        0.173403        0.000000        1.670000 
0.170000        1.122018        0.407293        0.000000        1.670000 
0.170000        1.148154        0.399093        0.000000        1.670000 
0.170000        1.288250        0.361063        0.000000        1.670000 
0.170000        0.037154        1.236305        0.000000        1.670000 
0.170000        5.128614        0.148433        0.000000        1.670000 
0.170000        1.202264        0.383258        0.000000        1.670000 
0.170000        0.977237        0.453903        0.000000        1.670000 
0.170000        0.079433        0.920242        0.000000        1.670000 
0.180000        0.095499        0.733049        0.000000        1.670000 
0.180000        0.194984        0.673312        0.000000        1.670000 
0.180000        0.239883        0.630528        0.000000        1.670000 
0.180000        0.007079        1.327889        0.000000        1.670000 
0.180000        0.177828        0.698344        0.000000        1.670000 
0.180000        0.125893        0.703383        0.000000        1.670000 
0.180000        0.204174        0.663749        0.000000        1.670000 
0.180000        2.137962        0.247675        0.000000        1.670000 
0.180000        0.104713        0.866648        0.000000        1.670000 
0.180000        0.112202        0.803770        0.000000        1.670000 
0.180000        0.022387        1.327867        0.000000        1.670000 
0.180000        0.007943        1.327887        0.000000        1.670000 
0.180000        2.238721        0.240492        0.000000        1.670000 
0.180000        0.537032        0.556741        0.000000        1.670000 
0.180000        0.016982        1.327875        0.000000        1.670000 
0.180000        0.758578        0.517724        0.000000        1.670000 
0.180000        1.905461        0.266788        0.000000        1.670000 
0.180000        2.754229        0.211936        0.000000        1.670000 
0.180000        0.120226        0.742725        0.000000        1.670000 
0.180000        0.007943        1.327887        0.000000        1.670000 
0.180000        0.117490        0.763351        0.000000        1.670000 
0.180000        0.199526        0.668483        0.000000        1.670000 
0.180000        0.204174        0.663749        0.000000        1.670000 
0.180000        2.137962        0.247675        0.000000        1.670000 
0.180000        0.026915        1.327861        0.000000        1.670000 
0.190000        0.004169        1.414204        0.000000        1.670000 
0.190000        0.048978        1.249322        0.000000        1.670000 
0.190000        0.013183        1.414192        0.000000        1.670000 
0.190000        0.041687        1.323634        0.000000        1.670000 
0.190000        0.040738        1.330176        0.000000        1.670000 
0.190000        0.001479        1.414207        0.000000        1.670000 
0.190000        1.348963        0.339201        0.000000        1.670000 
0.190000        0.074131        0.990727        0.000000        1.670000 
0.190000        0.018621        1.414185        0.000000        1.670000 
0.190000        0.021878        1.414181        0.000000        1.670000 
0.190000        1.698244        0.287161        0.000000        1.670000 
0.190000        1.445440        0.322020        0.000000        1.670000 
0.190000        0.061660        1.255293        0.000000        1.670000 
0.190000        6.760830        0.129004        0.000000        1.670000 
0.200000        0.057544        1.297200        0.000000        1.670000 
0.200000        0.870964        0.484188        0.000000        1.670000 
0.200000        0.239883        0.657017        0.000000        1.670000 
0.200000        0.112202        0.835509        0.000000        1.670000 
0.200000        1.047129        0.411883        0.000000        1.670000 
0.200000        1.122018        0.388645        0.000000        1.670000 
0.200000        1.047129        0.411883        0.000000        1.670000 
0.200000        1.122018        0.388645        0.000000        1.670000 
0.200000        0.125893        0.628201        0.000000        1.670000 
0.200000        0.181970        0.514917        0.000000        1.670000 
0.200000        0.018621        1.500531        0.000000        1.670000 
0.200000        4.168694        0.168254        0.000000        1.670000 
0.200000        0.363078        0.617179        0.000000        1.670000 
0.200000        0.186209        0.519200        0.000000        1.670000 
0.200000        0.151356        0.829964        0.000000        1.670000 
0.200000        0.549541        0.581794        0.000000        1.670000 
0.200000        0.007943        1.500544        0.000000        1.670000 
0.200000        0.072444        0.889140        0.000000        1.670000 
0.200000        0.039811        1.345049        0.000000        1.670000 
0.200000        1.288250        0.348579        0.000000        1.670000 
0.200000        0.002754        1.500550        0.000000        1.670000 
0.200000        0.002239        1.500550        0.000000        1.670000 
0.200000        0.033884        1.418714        0.000000        1.670000 
0.200000        0.107152        0.914446        0.000000        1.670000 
0.200000        0.933254        0.456512        0.000000        1.670000 
0.200000        0.165959        0.647103        0.000000        1.670000 
0.200000        0.016218        1.500534        0.000000        1.670000 
0.200000        0.009772        1.500542        0.000000        1.670000 
0.200000        0.002291        1.500550        0.000000        1.670000 
0.200000        0.251189        0.665784        0.000000        1.670000 
0.200000        0.019055        1.500531        0.000000        1.670000 
0.200000        0.018621        1.500531        0.000000        1.670000 
0.200000        1.202264        0.367730        0.000000        1.670000 
0.200000        0.870964        0.484188        0.000000        1.670000 
0.200000        4.265795        0.166051        0.000000        1.670000 
0.200000        1.230269        0.361178        0.000000        1.670000 
0.200000        0.933254        0.456512        0.000000        1.670000 
0.200000        1.174898        0.374787        0.000000        1.670000 
0.200000        1.288250        0.348579        0.000000        1.670000 
0.200000        1.047129        0.411883        0.000000        1.670000 
0.200000        0.288403        0.635573        0.000000        1.670000 
0.200000        0.954993        0.447124        0.000000        1.670000 
0.200000        0.239883        0.657017        0.000000        1.670000 
0.200000        0.052481        1.474719        0.000000        1.670000 
0.200000        0.093325        0.760528        0.000000        1.670000 
0.200000        1.096478        0.396519        0.000000        1.670000 
0.200000        0.190546        0.526033        0.000000        1.670000 
0.210000        0.102329        1.015605        0.000000        1.670000 
0.210000        3.388442        0.189201        0.000000        1.670000 
0.210000        2.754229        0.212710        0.000000        1.670000 
0.210000        0.562341        0.585660        0.000000        1.670000 
0.210000        3.090295        0.199152        0.000000        1.670000 
0.210000        0.776247        0.515621        0.000000        1.670000 
0.210000        0.154882        0.810418        0.000000        1.670000 
0.210000        0.107152        0.919982        0.000000        1.670000 
0.210000        0.051286        1.503429        0.000000        1.670000 
0.210000        0.707946        0.541016        0.000000        1.670000 
0.210000        0.794328        0.508282        0.000000        1.670000 
0.210000        0.008710        1.550481        0.000000        1.670000 
0.210000        0.151356        0.866950        0.000000        1.670000 
0.210000        0.645654        0.561630        0.000000        1.670000 
0.210000        0.008128        1.550481        0.000000        1.670000 
0.210000        0.030200        1.441238        0.000000        1.670000 
0.210000        3.090295        0.199152        0.000000        1.670000 
0.210000        0.083176        0.800353        0.000000        1.670000 
0.210000        0.660693        0.556810        0.000000        1.670000 
0.210000        0.100000        0.381995        0.000000        1.670000 
0.210000        0.100000        0.244619        0.000000        1.670000 
0.210000        0.134896        0.633231        0.000000        1.670000 
0.210000        2.137962        0.247289        0.000000        1.670000 
0.210000        0.758578        0.522308        0.000000        1.670000 
0.210000        0.812831        0.500809        0.000000        1.670000 
0.210000        0.141254        0.635525        0.000000        1.670000 
0.220000        0.331131        0.649292        0.000000        1.670000 
0.220000        0.380189        0.636819        0.000000        1.670000 
0.220000        0.035481        1.347813        0.000000        1.670000 
0.220000        1.905461        0.265256        0.000000        1.670000 
0.220000        0.281838        0.662227        0.000000        1.670000 
0.220000        0.177828        0.579432        0.000000        1.670000 
0.220000        0.089125        0.816445        0.000000        1.670000 
0.220000        1.380384        0.327841        0.000000        1.670000 
0.220000        0.051286        1.489352        0.000000        1.670000 
0.220000        1.479108        0.312734        0.000000        1.670000 
0.220000        0.050119        1.537789        0.000000        1.670000 
0.220000        0.097724        0.805985        0.000000        1.670000 
0.220000        154.881662        0.029429        0.000000        1.670000 
0.220000        0.067608        0.956903        0.000000        1.670000 
0.220000        0.042658        1.263171        0.000000        1.670000 
0.220000        1.778279        0.277221        0.000000        1.670000 
0.220000        0.436516        0.624244        0.000000        1.670000 
0.220000        0.316228        0.653121        0.000000        1.670000 
0.220000        0.046774        1.217903        0.000000        1.670000 
0.220000        0.331131        0.649292        0.000000        1.670000 
0.220000        0.223872        0.687001        0.000000        1.670000 
0.220000        0.407380        0.630513        0.000000        1.670000 
0.220000        0.407380        0.630513        0.000000        1.670000 
0.220000        0.190546        0.595401        0.000000        1.670000 
0.220000        1.548817        0.302941        0.000000        1.670000 
0.230000        0.131826        0.696350        0.000000        1.670000 
0.230000        0.741310        0.519398        0.000000        1.670000 
0.230000        0.870964        0.461707        0.000000        1.670000 
0.230000        1.348963        0.331916        0.000000        1.670000 
0.230000        1.288250        0.342499        0.000000        1.670000 
0.230000        0.147911        0.692848        0.000000        1.670000 
0.230000        1.348963        0.331916        0.000000        1.670000 
0.230000        0.562341        0.598718        0.000000        1.670000 
0.230000        0.676083        0.550970        0.000000        1.670000 
0.230000        0.954993        0.428836        0.000000        1.670000 
0.230000        1.230269        0.354010        0.000000        1.670000 
0.230000        1.230269        0.354010        0.000000        1.670000 
0.230000        0.831764        0.478186        0.000000        1.670000 
0.230000        0.575440        0.594194        0.000000        1.670000 
0.230000        9.549926        0.110420        0.000000        1.670000 
0.230000        1.202264        0.359862        0.000000        1.670000 
0.230000        1.148154        0.372015        0.000000        1.670000 
0.230000        0.954993        0.428836        0.000000        1.670000 
0.230000        0.251189        0.833207        0.000000        1.670000 
0.230000        0.008128        1.650709        0.000000        1.670000 
0.230000        0.630957        0.571740        0.000000        1.670000 
0.230000        0.123027        0.700150        0.000000        1.670000 
0.230000        0.776247        0.503169        0.000000        1.670000 
0.230000        0.831764        0.478186        0.000000        1.670000 
0.230000        0.977237        0.420788        0.000000        1.670000 
0.230000        0.676083        0.550970        0.000000        1.670000 
0.230000        0.218776        0.594915        0.000000        1.670000 
0.230000        0.011482        1.650704        0.000000        1.670000 
0.230000        0.707946        0.535560        0.000000        1.670000 
0.230000        0.912011        0.445070        0.000000        1.670000 
0.230000        1.096478        0.385129        0.000000        1.670000 
0.230000        0.109648        0.863641        0.000000        1.670000 
0.230000        0.794328        0.494962        0.000000        1.670000 
0.230000        0.851138        0.495392        0.000000        1.670000 
0.230000        1.202264        0.359862        0.000000        1.670000 
0.230000        1.230269        0.354010        0.000000        1.670000 
0.230000        0.758578        0.511263        0.000000        1.670000 
0.230000        0.588844        0.589408        0.000000        1.670000 
0.230000        1.202264        0.359862        0.000000        1.670000 
0.230000        1.230269        0.354010        0.000000        1.670000 
0.230000        0.691831        0.543552        0.000000        1.670000 
0.230000        1.000000        0.413459        0.000000        1.670000 
0.230000        1.071519        0.391718        0.000000        1.670000 
0.230000        0.933254        0.436992        0.000000        1.670000 
0.230000        0.741310        0.519398        0.000000        1.670000 
0.230000        0.011749        1.650704        0.000000        1.670000 
0.240000        0.102329        1.079896        0.000000        1.670000 
0.240000        0.048978        1.161945        0.000000        1.670000 
0.240000        0.041687        1.232829        0.000000        1.670000 
0.240000        0.467735        0.638159        0.000000        1.670000 
0.240000        0.037154        1.283746        0.000000        1.670000 
0.240000        0.050119        1.518204        0.000000        1.670000 
0.250000        3.311311        0.194693        0.000000        1.670000 
0.250000        2.511886        0.227008        0.000000        1.670000 
0.250000        0.389045        0.671282        0.000000        1.670000 
0.250000        0.064565        0.946182        0.000000        1.670000 
0.250000        0.063096        0.967231        0.000000        1.670000 
0.250000        0.177828        0.678148        0.000000        1.670000 
0.250000        0.053703        1.337625        0.000000        1.670000 
0.250000        0.017378        1.655646        0.000000        1.670000 
0.250000        0.019498        1.605929        0.000000        1.670000 
0.250000        0.018197        1.636383        0.000000        1.670000 
0.250000        0.239883        0.680276        0.000000        1.670000 
0.250000        0.575440        0.606691        0.000000        1.670000 
0.250000        0.346737        0.682605        0.000000        1.670000 
0.250000        12.022644        0.099805        0.000000        1.670000 
0.250000        0.026303        1.449851        0.000000        1.670000 
0.250000        0.263027        0.629554        0.000000        1.670000 
0.250000        0.213796        0.629407        0.000000        1.670000 
0.250000        0.616595        0.586064        0.000000        1.670000 
0.250000        0.549541        0.618412        0.000000        1.670000 
0.250000        3.801894        0.180751        0.000000        1.670000 
0.250000        0.301995        0.903932        0.000000        1.670000 
0.250000        0.083176        0.908246        0.000000        1.670000 
0.260000        2.187762        0.245827        0.000000        1.670000 
0.260000        0.794328        0.474563        0.000000        1.670000 
0.260000        29.512092        0.063703        0.000000        1.670000 
0.260000        1.318257        0.333004        0.000000        1.670000 
0.260000        0.199526        0.716272        0.000000        1.670000 
0.260000        0.812831        0.466015        0.000000        1.670000 
0.260000        0.186209        0.713603        0.000000        1.670000 
0.260000        0.758578        0.491913        0.000000        1.670000 
0.260000        1.584893        0.296867        0.000000        1.670000 
0.260000        0.107152        0.900856        0.000000        1.670000 
0.260000        0.125893        0.750446        0.000000        1.670000 
0.260000        0.165959        0.671347        0.000000        1.670000 
0.260000        0.102329        1.100366        0.000000        1.670000 
0.260000        0.512861        0.625882        0.000000        1.670000 
0.260000        2.187762        0.245827        0.000000        1.670000 
0.260000        2.137962        0.248983        0.000000        1.670000 
0.260000        0.794328        0.474563        0.000000        1.670000 
0.260000        1.412538        0.318517        0.000000        1.670000 
0.260000        0.436516        0.659260        0.000000        1.670000 
0.260000        1.698244        0.284835        0.000000        1.670000 
0.260000        1.445440        0.314154        0.000000        1.670000 
0.270000        1.174898        0.356013        0.000000        1.670000 
0.270000        0.562341        0.590819        0.000000        1.670000 
0.270000        1.047129        0.383736        0.000000        1.670000 
0.270000        0.229087        0.705681        0.000000        1.670000 
0.270000        0.199526        0.734274        0.000000        1.670000 
0.270000        0.549541        0.598395        0.000000        1.670000 
0.270000        0.537032        0.605885        0.000000        1.670000 
0.270000        17.378008        0.083994        0.000000        1.670000 
0.270000        0.165959        0.693579        0.000000        1.670000 
0.270000        0.117490        0.763092        0.000000        1.670000 
0.270000        1.174898        0.356013        0.000000        1.670000 
0.270000        0.039811        1.259234        0.000000        1.670000 
0.270000        0.141254        0.768276        0.000000        1.670000 
0.270000        1.000000        0.396016        0.000000        1.670000 
0.270000        0.138038        0.770796        0.000000        1.670000 
0.270000        0.239883        0.718032        0.000000        1.670000 
0.270000        0.218776        0.677659        0.000000        1.670000 
0.270000        0.151356        1.045290        0.000000        1.670000 
0.270000        0.066069        0.963204        0.000000        1.670000 
0.270000        0.309030        0.708358        0.000000        1.670000 
0.270000        0.977237        0.402050        0.000000        1.670000 
0.270000        0.588844        0.575685        0.000000        1.670000 
0.270000        1.047129        0.383736        0.000000        1.670000 
0.270000        1.000000        0.396016        0.000000        1.670000 
0.270000        0.537032        0.605885        0.000000        1.670000 
0.270000        0.038905        1.270146        0.000000        1.670000 
0.270000        1.047129        0.383736        0.000000        1.670000 
0.280000        0.501187        0.840598        0.000000        1.670000 
0.280000        0.100000        0.795575        0.000000        1.670000 
0.280000        0.645654        0.530964        0.000000        1.670000 
0.280000        0.091201        0.901074        0.000000        1.670000 
0.280000        0.005248        2.093848        0.000000        1.670000 
0.280000        0.281838        0.722539        0.000000        1.670000 
0.280000        0.251189        1.044002        0.000000        1.670000 
0.280000        0.489779        0.629188        0.000000        1.670000 
0.280000        0.616595        0.547385        0.000000        1.670000 
0.280000        0.309030        0.683453        0.000000        1.670000 
0.290000        0.758578        0.464359        0.000000        1.670000 
0.290000        0.776247        0.456862        0.000000        1.670000 
0.290000        0.389045        0.692346        0.000000        1.670000 
0.290000        0.354813        0.791821        0.000000        1.670000 
0.290000        0.077625        0.958499        0.000000        1.670000 
0.290000        3.090295        0.204960        0.000000        1.670000 
0.290000        0.676083        0.502845        0.000000        1.670000 
0.290000        0.128825        0.806078        0.000000        1.670000 
0.290000        0.776247        0.456862        0.000000        1.670000 
0.290000        0.436516        0.662805        0.000000        1.670000 
0.290000        3.235937        0.199799        0.000000        1.670000 
0.290000        0.724436        0.479200        0.000000        1.670000 
0.290000        0.537032        0.589904        0.000000        1.670000 
0.290000        0.524807        0.599237        0.000000        1.670000 
0.290000        0.812831        0.443253        0.000000        1.670000 
0.300000        1.258925        0.335871        0.000000        1.670000 
0.300000        1.698244        0.284135        0.000000        1.670000 
0.300000        0.346737        0.742966        0.000000        1.670000 
0.300000        1.513561        0.302868        0.000000        1.670000 
0.300000        1.000000        0.384551        0.000000        1.670000 
0.300000        0.056234        1.096412        0.000000        1.670000 
0.300000        0.933254        0.400453        0.000000        1.670000 
0.300000        1.047129        0.373885        0.000000        1.670000 
0.300000        0.123027        0.828660        0.000000        1.670000 
0.300000        0.331131        0.743794        0.000000        1.670000 
0.300000        0.107152        0.784411        0.000000        1.670000 
0.300000        1.380384        0.318897        0.000000        1.670000 
0.300000        0.524807        0.593074        0.000000        1.670000 
0.300000        1.258925        0.335871        0.000000        1.670000 
0.300000        0.309030        0.665273        0.000000        1.670000 
0.300000        0.012023        2.048654        0.000000        1.670000 
0.300000        1.023293        0.379130        0.000000        1.670000 
0.300000        0.524807        0.593074        0.000000        1.670000 
0.300000        2.398833        0.235451        0.000000        1.670000 
0.300000        0.851138        0.519628        0.000000        1.670000 
0.300000        0.131826        0.820040        0.000000        1.670000 
0.300000        0.501187        0.872836        0.000000        1.670000 
0.310000        0.630957        0.507623        0.000000        1.670000 
0.310000        0.165959        0.808262        0.000000        1.670000 
0.310000        0.380189        0.719120        0.000000        1.670000 
0.310000        0.015136        1.892768        0.000000        1.670000 
0.310000        0.014125        1.946683        0.000000        1.670000 
0.310000        0.186209        0.812596        0.000000        1.670000 
0.310000        0.013804        1.963948        0.000000        1.670000 
0.320000        0.707946        0.463327        0.000000        1.670000 
0.320000        0.741310        0.450363        0.000000        1.670000 
0.320000        0.085114        0.966245        0.000000        1.670000 
0.320000        0.091201        0.944260        0.000000        1.670000 
0.320000        0.616595        0.506973        0.000000        1.670000 
0.320000        0.501187        0.945576        0.000000        1.670000 
0.320000        0.331131        0.781444        0.000000        1.670000 
0.320000        0.676083        0.477206        0.000000        1.670000 
0.330000        0.676083        0.470257        0.000000        1.670000 
0.330000        0.371535        0.769356        0.000000        1.670000 
0.330000        0.660693        0.476888        0.000000        1.670000 
0.330000        0.630957        0.491440        0.000000        1.670000 
0.330000        0.354813        0.945468        0.000000        1.670000 
0.330000        213.796209        0.035009        0.000000        1.670000 
0.330000        0.354813        0.945468        0.000000        1.670000 
0.330000        0.831764        0.415276        0.000000        1.670000 
0.330000        0.371535        0.769356        0.000000        1.670000 
0.330000        0.512861        0.568001        0.000000        1.670000 
0.330000        0.870964        0.404616        0.000000        1.670000 
0.330000        0.831764        0.415276        0.000000        1.670000 
0.330000        0.389045        0.733036        0.000000        1.670000 
0.340000        0.407380        0.746028        0.000000        1.670000 
0.340000        0.416869        0.726924        0.000000        1.670000 
0.340000        0.741310        0.438895        0.000000        1.670000 
0.340000        64.565423        0.046947        0.000000        1.670000 
0.340000        0.309030        0.873232        0.000000        1.670000 
0.340000        0.954993        0.416414        0.000000        1.670000 
0.340000        0.035481        1.394989        0.000000        1.670000 
0.340000        0.691831        0.457269        0.000000        1.670000 
0.340000        0.691831        0.457269        0.000000        1.670000 
0.350000        11.220185        0.110269        0.000000        1.670000 
0.350000        0.047863        1.237447        0.000000        1.670000 
0.350000        0.630957        0.476648        0.000000        1.670000 
0.350000        0.512861        0.604923        0.000000        1.670000 
0.350000        0.616595        0.497924        0.000000        1.670000 
0.350000        0.794328        0.417088        0.000000        1.670000 
0.350000        0.309030        0.939025        0.000000        1.670000 
0.350000        0.794328        0.417088        0.000000        1.670000 
0.350000        0.048978        1.224847        0.000000        1.670000 
0.350000        0.301995        1.554487        0.000000        1.670000 
0.350000        0.602560        0.823797        0.000000        1.670000 
0.350000        0.501187        1.140121        0.000000        1.670000 
0.350000        15.135612        0.095054        0.000000        1.670000 
0.350000        0.512861        0.604923        0.000000        1.670000 
0.350000        0.602560        0.823797        0.000000        1.670000 
0.360000        0.691831        0.446675        0.000000        1.670000 
0.360000        0.891251        0.388695        0.000000        1.670000 
0.360000        0.524807        0.567841        0.000000        1.670000 
0.360000        0.061660        1.242625        0.000000        1.670000 
0.360000        0.537032        0.537284        0.000000        1.670000 
0.360000        0.354813        1.115656        0.000000        1.670000 
0.360000        0.346737        0.807837        0.000000        1.670000 
0.360000        1.380384        0.311618        0.000000        1.670000 
0.360000        0.562341        0.575933        0.000000        1.670000 
0.370000        1.862087        0.268341        0.000000        1.670000 
0.370000        2.137962        0.250862        0.000000        1.670000 
0.370000        1.949845        0.262314        0.000000        1.670000 
0.370000        0.114815        1.098152        0.000000        1.670000 
0.370000        0.562341        0.598675        0.000000        1.670000 
0.370000        1.047129        0.355257        0.000000        1.670000 
0.380000        0.467735        0.700296        0.000000        1.670000 
0.380000        0.234423        1.003632        0.000000        1.670000 
0.380000        1.288250        0.319117        0.000000        1.670000 
0.380000        0.251189        2.249413        0.000000        1.670000 
0.380000        0.630957        0.482941        0.000000        1.670000 
0.380000        1.258925        0.368744        0.000000        1.670000 
0.380000        0.616595        0.551120        0.000000        1.670000 
0.380000        0.645654        0.456060        0.000000        1.670000 
0.390000        0.891251        0.379820        0.000000        1.670000 
0.390000        0.724436        0.462174        0.000000        1.670000 
0.390000        0.524807        0.601581        0.000000        1.670000 
0.390000        0.288403        0.953845        0.000000        1.670000 
0.390000        0.602560        1.121757        0.000000        1.670000 
0.390000        0.537032        0.546019        0.000000        1.670000 
0.390000        0.707946        0.605802        0.000000        1.670000 
0.390000        1.348963        0.310803        0.000000        1.670000 
0.400000        0.724436        0.471911        0.000000        1.670000 
0.400000        0.371535        0.870023        0.000000        1.670000 
0.400000        1.737801        0.275396        0.000000        1.670000 
0.400000        0.575440        0.561352        0.000000        1.670000 
0.400000        1.621810        0.284793        0.000000        1.670000 
0.400000        1.659587        0.351581        0.000000        1.670000 
0.400000        0.354813        1.365681        0.000000        1.670000 
0.400000        17.378008        0.091521        0.000000        1.670000 
0.400000        0.588844        0.509992        0.000000        1.670000 
0.410000        31.622777        0.069217        0.000000        1.670000 
0.410000        8.912509        0.127022        0.000000        1.670000 
0.410000        9.120108        0.125603        0.000000        1.670000 
0.410000        0.389045        0.747074        0.000000        1.670000 
0.410000        0.426580        0.742168        0.000000        1.670000 
0.410000        0.812831        0.550280        0.000000        1.670000 
0.410000        0.389045        0.747074        0.000000        1.670000 
0.410000        9.120108        0.125603        0.000000        1.670000 
0.410000        1.905461        0.429263        0.000000        1.670000 
0.420000        0.239883        1.073964        0.000000        1.670000 
0.420000        1.318257        0.371191        0.000000        1.670000 
0.420000        0.630957        0.522494        0.000000        1.670000 
0.420000        3.311311        0.253512        0.000000        1.670000 
0.420000        3.801894        0.591107        0.000000        1.670000 
0.420000        1.318257        0.371191        0.000000        1.670000 
0.420000        0.436516        0.688257        0.000000        1.670000 
0.420000        0.660693        0.731890        0.000000        1.670000 
0.420000        3.090295        0.209964        0.000000        1.670000 
0.420000        4.677351        0.173170        0.000000        1.670000 
0.430000        1.412538        0.437117        0.000000        1.670000 
0.440000        0.562341        0.894866        0.000000        1.670000 
0.440000        0.549541        0.546184        0.000000        1.670000 
0.440000        0.741310        0.450516        0.000000        1.670000 
0.440000        1.174898        0.385113        0.000000        1.670000 
0.440000        0.537032        0.597506        0.000000        1.670000 
0.450000        0.363078        1.299221        0.000000        1.670000 
0.450000        1.202264        2.183455        0.000000        1.670000 
0.450000        1.288250        0.323105        0.000000        1.670000 
0.450000        0.851138        4.135529        0.000000        1.670000 
0.450000        2.137962        0.245699        0.000000        1.670000 
0.450000        0.851138        4.135529        0.000000        1.670000 
0.460000        7.079458        0.143652        0.000000        1.670000 
0.460000        0.045709        1.315818        0.000000        1.670000 
0.460000        1.380384        0.345854        0.000000        1.670000 
0.470000        0.083176        1.294349        0.000000        1.670000 
0.470000        0.089125        1.238998        0.000000        1.670000 
0.470000        0.117490        1.648312        0.000000        1.670000 
0.480000        0.758578        1.432700        0.000000        1.670000 
0.480000        0.257040        3.099550        0.000000        1.670000 
0.490000        12.882496        0.109904        0.000000        1.670000 
0.490000        1.318257        0.536492        0.000000        1.670000 
0.490000        9.549926        0.126315        0.000000        1.670000 
0.500000        1.000000        0.378820        0.000000        1.670000 
0.500000        0.954993        4.780208        0.000000        1.670000 
0.500000        2.137962        0.268707        0.000000        1.670000 
0.500000        0.346737        0.832607        0.000000        1.670000 
0.500000        0.354813        6.028623        0.000000        1.670000 
0.510000        0.354813        7.873886        0.000000        1.670000 
0.510000        1.479108        0.396584        0.000000        1.670000 
0.510000        1.047129        0.382639        0.000000        1.670000 
0.540000        1.995262        0.279826        0.000000        1.670000 
0.540000        0.141254        1.487001        0.000000        1.670000 
0.550000        0.575440        0.984856        0.000000        1.670000 
0.560000        0.602560        10.014169        0.000000        1.670000 
0.560000        5.888437        0.179849        0.000000        1.670000 
0.570000        0.660693        7.325669        0.000000        1.670000 
0.570000        0.660693        7.325669        0.000000        1.670000 
0.570000        0.645654        0.613243        0.000000        1.670000 
0.570000        0.676083        0.973649        0.000000        1.670000 
0.580000        20.417379        0.287884        0.000000        1.670000 
0.580000        0.776247        0.950368        0.000000        1.670000 
0.590000        0.457088        9.779122        0.000000        1.670000 
0.620000        1.096478        0.485549        0.000000        1.670000 
0.620000        0.281838        1.627234        0.000000        1.670000 
0.620000        0.000098        3.632549        0.000000        1.670000 
0.620000        0.295121        1.173163        0.000000        1.670000 
0.620000        1.023293        1.324847        0.000000        1.670000 
0.630000        0.676083        1.457696        0.000000        1.670000 
0.630000        0.331131        1.579546        0.000000        1.670000 
0.640000        3.090295        0.322257        0.000000        1.670000 
0.650000        1.380384        0.833921        0.000000        1.670000 
0.650000        0.426580        1.969606        0.000000        1.670000 
0.660000        7.413102        2.534000        0.000000        1.670000 
0.670000        44.668359        1.148938        0.000000        1.670000 
0.670000        0.562341        8.791561        0.000000        1.670000 
0.670000        4.168694        3.329183        0.000000        1.670000 
0.670000        0.512861        8.899236        0.000000        1.670000 
0.670000        1.698244        0.412172        0.000000        1.670000 
0.680000        4.570882        2.611615        0.000000        1.670000 
0.680000        0.616595        8.624632        0.000000        1.670000 
0.680000        0.616595        8.624632        0.000000        1.670000 
0.680000        0.588844        1.104107        0.000000        1.670000 
0.680000        0.575440        2.605793        0.000000        1.670000 
0.690000        66.069345        0.920774        0.000000        1.670000 
0.690000        0.707946        8.468332        0.000000        1.670000 
0.690000        0.630957        1.700231        0.000000        1.670000 
0.690000        1.995262        0.435210        0.000000        1.670000 
0.700000        0.281838        2.255563        0.000000        1.670000 
0.700000        0.724436        3.954904        0.000000        1.670000 
0.710000        21.379621        0.385620        0.000000        1.670000 
0.720000        60.255959        0.967076        0.000000        1.670000 
0.730000        7.413102        2.480262        0.000000        1.670000 
0.750000        1.096478        0.834789        0.000000        1.670000 
0.760000        34.673685        1.326613        0.000000        1.670000 
0.780000        34.673685        1.351353        0.000000        1.670000 
0.800000        1.380384        6.740985        0.000000        1.670000 
0.800000        1.905461        5.449295        0.000000        1.670000 
0.800000        0.331131        4.094831        0.000000        1.670000 
0.810000        0.204174        10.476654        0.000000        1.670000 
0.820000        21.877616        1.654166        0.000000        1.670000 
0.820000        3.548134        0.538980        0.000000        1.670000 
0.820000        0.478630        8.738190        0.000000        1.670000 
0.820000        0.436516        3.176814        0.000000        1.670000 
0.820000        0.489779        2.482697        0.000000        1.670000 
0.820000        0.489779        2.482697        0.000000        1.670000 
0.820000        2.041738        1.242099        0.000000        1.670000 
0.820000        5.888437        0.996189        0.000000        1.670000 
0.830000        11.748976        0.304325        0.000000        1.670000 
0.830000        2.290868        1.419052        0.000000        1.670000 
0.840000        0.144544        2.524441        0.000000        1.670000 
0.840000        0.154882        14.402810        0.000000        1.670000 
0.840000        0.616595        7.861685        0.000000        1.670000 
0.840000        37.153523        1.323944        0.000000        1.670000 
0.860000        43.651583        1.252111        0.000000        1.670000 
0.860000        4.897788        0.630065        0.000000        1.670000 
0.900000        4.168694        3.496490        0.000000        1.670000 
0.910000        1.348963        2.206519        0.000000        1.670000 
0.910000        1.288250        7.314972        0.000000        1.670000 
0.920000        1.479108        7.092314        0.000000        1.670000 
0.940000        1.698244        3.472442        0.000000        1.670000 
0.940000        0.033113        2.060123        0.000000        1.670000 
0.950000        1.995262        5.624959        0.000000        1.670000 
0.950000        0.213796        9.226426        0.000000        1.670000 
0.980000        12.589254        2.247630        0.000000        1.670000 
1.000000        16.218101        2.315851        0.000000        1.670000 
1.040000        0.005888        4.858091        0.000000        1.670000 
1.060000        10.000000        2.637776        0.000000        1.670000 
