0.003000 inf
0.008000 inf
0.013000 inf
0.018000 inf
0.023000 inf
0.028000 inf
0.033000 inf
0.038000 inf
0.043000 inf
0.048000 inf
0.053000 3853.809333
0.058000 3394.241869
0.063000 3016.492573
0.068000 2706.658112
0.073000 2438.383926
0.078000 2214.606833
0.083000 2015.406736
0.088000 1843.958580
0.093000 1696.524700
0.098000 1560.397145
0.103000 1440.357372
0.108000 1334.898012
0.113000 1241.707888
0.118000 1158.920889
0.123000 1082.080501
0.128000 1012.091999
0.133000 949.098578
0.138000 892.182169
0.143000 840.571901
0.148000 793.616509
0.153000 750.762608
0.158000 711.537462
0.163000 675.535195
0.168000 642.405691
0.173000 611.845597
0.178000 583.518109
0.183000 557.244735
0.188000 532.851515
0.193000 510.159860
0.198000 489.012114
0.203000 469.268662
0.208000 450.805490
0.213000 433.512126
0.218000 417.289892
0.223000 402.050416
0.228000 387.714357
0.233000 374.289104
0.238000 362.009526
0.243000 350.413635
0.248000 339.450745
0.253000 329.074843
0.258000 319.244085
0.263000 309.920342
0.268000 301.083591
0.273000 293.022118
0.278000 285.357010
0.283000 278.062615
0.288000 271.115367
0.293000 264.580583
0.298000 258.531247
0.303000 252.760232
0.308000 247.251148
0.313000 241.988837
0.318000 237.156813
0.323000 232.556569
0.328000 228.159017
0.333000 223.953335
0.338000 219.926217
0.343000 216.071124
0.348000 212.370867
0.353000 208.739632
0.358000 205.258101
0.363000 201.836776
0.368000 198.549508
0.373000 195.392908
0.378000 192.253790
0.383000 189.137014
0.388000 186.137141
0.393000 183.248888
0.398000 180.467292
0.403000 177.720636
0.408000 174.950798
0.413000 172.277517
0.418000 169.696659
0.423000 167.204323
0.428000 164.796824
0.433000 162.379809
0.438000 159.994558
0.443000 157.686489
0.448000 155.452509
0.453000 153.289685
0.458000 151.195235
0.463000 149.119088
0.468000 147.004829
0.473000 144.953892
0.478000 142.963876
0.483000 141.032500
0.488000 139.157594
0.493000 137.337090
0.498000 135.540324
0.503000 133.736112
0.508000 131.982095
0.513000 130.276494
0.518000 128.617615
0.523000 127.003838
0.528000 125.433617
0.533000 123.905475
0.538000 122.363932
0.543000 120.828759
0.548000 119.332981
0.553000 117.875299
0.558000 116.454469
0.563000 115.069298
0.568000 113.718645
0.573000 112.401415
0.578000 111.108336
0.583000 109.783269
0.588000 108.489722
0.593000 107.226721
0.598000 105.993332
0.603000 104.788656
0.608000 103.611828
0.613000 102.462020
0.618000 101.338432
0.623000 100.240296
0.628000 99.137368
0.633000 98.046887
0.638000 96.980330
0.643000 95.937015
0.648000 94.916284
0.653000 93.917504
0.658000 92.940064
0.663000 91.983375
0.668000 91.046869
0.673000 90.129999
0.678000 89.213547
0.683000 88.286125
0.688000 87.377491
0.693000 86.487145
0.698000 85.614605
0.703000 84.759407
0.708000 83.921098
0.713000 83.099244
0.718000 82.293424
0.723000 81.503230
0.728000 80.728269
0.733000 79.968159
0.738000 79.196535
0.743000 78.434197
0.748000 77.686054
0.753000 76.951759
0.758000 76.230974
0.763000 75.523373
0.768000 74.828640
0.773000 74.146468
0.778000 73.476560
0.783000 72.818628
0.788000 72.172392
0.793000 71.537581
0.798000 70.911147
0.803000 70.273555
0.808000 69.646941
0.813000 69.031055
0.818000 68.425655
0.823000 67.830506
0.828000 67.245378
0.833000 66.670051
0.838000 66.104307
0.843000 65.547938
0.848000 65.000739
0.853000 64.462512
0.858000 63.933065
0.863000 63.412210
0.868000 62.898789
0.873000 62.374331
0.878000 61.858178
0.883000 61.350154
0.888000 60.850091
0.893000 60.357824
0.898000 59.873191
0.903000 59.396038
0.908000 58.926210
0.913000 58.463561
0.918000 58.007945
0.923000 57.559222
0.928000 57.117254
0.933000 56.681908
0.938000 56.253054
0.943000 55.830563
0.948000 55.409812
0.953000 54.982842
0.958000 54.562064
0.963000 54.147359
0.968000 53.738610
0.973000 53.335704
0.978000 52.938530
0.983000 52.546980
0.988000 52.160949
0.993000 51.780333
0.998000 51.405032
1.003000 51.034948
1.008000 50.669985
1.013000 50.310050
1.018000 49.955051
1.023000 49.604898
1.028000 49.259505
1.033000 48.918787
1.038000 48.574597
1.043000 48.230071
1.048000 47.890111
1.053000 47.554637
1.058000 47.223569
1.063000 46.896832
1.068000 46.574348
1.073000 46.256045
1.078000 45.941852
1.083000 45.631696
1.088000 45.325510
1.093000 45.023227
1.098000 44.724779
1.103000 44.430103
1.108000 44.139136
1.113000 43.851815
1.118000 43.568081
1.123000 43.287873
1.128000 43.011135
1.133000 42.737810
1.138000 42.462711
1.143000 42.186712
1.148000 41.914053
1.153000 41.644681
1.158000 41.378542
1.163000 41.115585
1.168000 40.855759
1.173000 40.599015
1.178000 40.345304
1.183000 40.094578
1.188000 39.846791
1.193000 39.601896
1.198000 39.359849
1.203000 39.120607
1.208000 38.884125
1.213000 38.650362
1.218000 38.419276
1.223000 38.190826
1.228000 37.964973
1.233000 37.741678
1.238000 37.520902
1.243000 37.302608
1.248000 37.086758
1.253000 36.871668
1.258000 36.652502
1.263000 36.435746
1.268000 36.221366
1.273000 36.009326
1.278000 35.799593
1.283000 35.592133
1.288000 35.386914
1.293000 35.183902
1.298000 34.983067
1.303000 34.784377
1.308000 34.587802
1.313000 34.393311
1.318000 34.200876
1.323000 34.010468
1.328000 33.822057
1.333000 33.635616
1.338000 33.451119
1.343000 33.268537
1.348000 33.087844
1.353000 32.909015
1.358000 32.732024
1.363000 32.556846
1.368000 32.383456
1.373000 32.211831
1.378000 32.041945
1.383000 31.873777
1.388000 31.707302
1.393000 31.537044
1.398000 31.368067
1.403000 31.200764
1.408000 31.035113
1.413000 30.871094
1.418000 30.708683
1.423000 30.547861
1.428000 30.388606
1.433000 30.230899
1.438000 30.074718
1.443000 29.920044
1.448000 29.766859
1.453000 29.615142
1.458000 29.464876
1.463000 29.316040
1.468000 29.168619
1.473000 29.022593
1.478000 28.877945
1.483000 28.734657
1.488000 28.592714
1.493000 28.452097
1.498000 28.312790
1.503000 28.174778
1.508000 28.038044
1.513000 27.902573
1.518000 27.768348
1.523000 27.635356
1.528000 27.503580
1.533000 27.373007
1.538000 27.243621
1.543000 27.115408
1.548000 26.988354
1.553000 26.860761
1.558000 26.731011
1.563000 26.602414
1.568000 26.474959
1.573000 26.348632
1.578000 26.223418
1.583000 26.099305
1.588000 25.976281
1.593000 25.854331
1.598000 25.733445
1.603000 25.613608
1.608000 25.494810
1.613000 25.377038
1.618000 25.260280
1.623000 25.144525
1.628000 25.029761
1.633000 24.915977
1.638000 24.803162
1.643000 24.691304
1.648000 24.580393
1.653000 24.470418
1.658000 24.361369
1.663000 24.253235
1.668000 24.146007
1.673000 24.039673
1.678000 23.934224
1.683000 23.829651
1.688000 23.725943
1.693000 23.623091
1.698000 23.521086
1.703000 23.419918
1.708000 23.319579
1.713000 23.220059
1.718000 23.121349
1.723000 23.023441
1.728000 22.926326
1.733000 22.829996
1.738000 22.734441
1.743000 22.639655
1.748000 22.545230
1.753000 22.448467
1.758000 22.352471
1.763000 22.257233
1.768000 22.162745
1.773000 22.069000
1.778000 21.975989
1.783000 21.883705
1.788000 21.792141
1.793000 21.701289
1.798000 21.611141
1.803000 21.521690
1.808000 21.432929
1.813000 21.344851
1.818000 21.257449
1.823000 21.170715
1.828000 21.084644
1.833000 20.999228
1.838000 20.914461
1.843000 20.830336
1.848000 20.746847
1.853000 20.663987
1.858000 20.581749
1.863000 20.500129
1.868000 20.419119
1.873000 20.338713
1.878000 20.258906
1.883000 20.179692
1.888000 20.101064
1.893000 20.023017
1.898000 19.945545
1.903000 19.868643
1.908000 19.792305
1.913000 19.716525
1.918000 19.641299
1.923000 19.566620
1.928000 19.492484
1.933000 19.418885
1.938000 19.345817
1.943000 19.273277
1.948000 19.201259
1.953000 19.129758
1.958000 19.058768
1.963000 18.988286
1.968000 18.918307
1.973000 18.848825
1.978000 18.779835
1.983000 18.710242
1.988000 18.639404
1.993000 18.569061
1.998000 18.499210
2.003000 18.429844
2.008000 18.360961
2.013000 18.292554
2.018000 18.224620
2.023000 18.157155
2.028000 18.090154
2.033000 18.023613
2.038000 17.957527
2.043000 17.891893
2.048000 17.826707
2.053000 17.761963
2.058000 17.697659
2.063000 17.633790
2.068000 17.570353
2.073000 17.507343
2.078000 17.444757
2.083000 17.382590
2.088000 17.320840
2.093000 17.259502
2.098000 17.198572
2.103000 17.138048
2.108000 17.077925
2.113000 17.018200
2.118000 16.958870
2.123000 16.899930
2.128000 16.841378
2.133000 16.783210
2.138000 16.725423
2.143000 16.668014
2.148000 16.610978
2.153000 16.554314
2.158000 16.498017
2.163000 16.442085
2.168000 16.386515
2.173000 16.331303
2.178000 16.276446
2.183000 16.221941
2.188000 16.167785
2.193000 16.113976
2.198000 16.060510
2.203000 16.007385
2.208000 15.954597
2.213000 15.902144
2.218000 15.850023
2.223000 15.798231
2.228000 15.746765
2.233000 15.695623
2.238000 15.644802
2.243000 15.594299
2.248000 15.544112
2.253000 15.494238
2.258000 15.444171
2.263000 15.392758
2.268000 15.341662
2.273000 15.290880
2.278000 15.240409
2.283000 15.190246
2.288000 15.140390
2.293000 15.090837
2.298000 15.041585
2.303000 14.992631
2.308000 14.943974
2.313000 14.895611
2.318000 14.847539
2.323000 14.799756
2.328000 14.752260
2.333000 14.705048
2.338000 14.658119
2.343000 14.611469
2.348000 14.565097
2.353000 14.519001
2.358000 14.473178
2.363000 14.427626
2.368000 14.382343
2.373000 14.337327
2.378000 14.292576
2.383000 14.248088
2.388000 14.203860
2.393000 14.159891
2.398000 14.116179
2.403000 14.072721
2.408000 14.029516
2.413000 13.986561
2.418000 13.943855
2.423000 13.901396
2.428000 13.859183
2.433000 13.817212
2.438000 13.775482
2.443000 13.733992
2.448000 13.692739
2.453000 13.651722
2.458000 13.610939
2.463000 13.570388
2.468000 13.530067
2.473000 13.489975
2.478000 13.450110
2.483000 13.410471
2.488000 13.371054
2.493000 13.331860
2.498000 13.292886
2.503000 13.254131
2.508000 13.215592
2.513000 13.177269
2.518000 13.139160
2.523000 13.101262
2.528000 13.063576
2.533000 13.026098
2.538000 12.988828
2.543000 12.951764
2.548000 12.914905
2.553000 12.878248
2.558000 12.841793
2.563000 12.805538
2.568000 12.769482
2.573000 12.733623
2.578000 12.697245
2.583000 12.660208
2.588000 12.623370
2.593000 12.586732
2.598000 12.550290
2.603000 12.514043
2.608000 12.477991
2.613000 12.442132
2.618000 12.406464
2.623000 12.370986
2.628000 12.335697
2.633000 12.300595
2.638000 12.265680
2.643000 12.230949
2.648000 12.196401
2.653000 12.162035
2.658000 12.127851
2.663000 12.093845
2.668000 12.060019
2.673000 12.026369
2.678000 11.992895
2.683000 11.959595
2.688000 11.926469
2.693000 11.893515
2.698000 11.860732
2.703000 11.828119
2.708000 11.795674
2.713000 11.763397
2.718000 11.731287
2.723000 11.699341
2.728000 11.667559
2.733000 11.635940
2.738000 11.604484
2.743000 11.573187
2.748000 11.542051
2.753000 11.511073
2.758000 11.480252
2.763000 11.449588
2.768000 11.419079
2.773000 11.388724
2.778000 11.358522
2.783000 11.328473
2.788000 11.298575
2.793000 11.268827
2.798000 11.239228
2.803000 11.209778
2.808000 11.180474
2.813000 11.151317
2.818000 11.122305
2.823000 11.093438
2.828000 11.064713
2.833000 11.036131
2.838000 11.007691
2.843000 10.979391
2.848000 10.951231
2.853000 10.923209
2.858000 10.895325
2.863000 10.867578
2.868000 10.839967
2.873000 10.812492
2.878000 10.785150
2.883000 10.757942
2.888000 10.730866
2.893000 10.703922
2.898000 10.677109
2.903000 10.650426
2.908000 10.623871
2.913000 10.597446
2.918000 10.571147
2.923000 10.544976
2.928000 10.518930
2.933000 10.493009
2.938000 10.467213
2.943000 10.440947
2.948000 10.414279
2.953000 10.387737
2.958000 10.361320
2.963000 10.335028
2.968000 10.308860
2.973000 10.282816
2.978000 10.256893
2.983000 10.231092
2.988000 10.205412
2.993000 10.179852
2.998000 10.154411
3.003000 10.129089
3.008000 10.103884
3.013000 10.078797
3.018000 10.053826
3.023000 10.028970
3.028000 10.004230
3.033000 9.979603
3.038000 9.955091
3.043000 9.930691
3.048000 9.906403
3.053000 9.882226
3.058000 9.858161
3.063000 9.834205
3.068000 9.810359
3.073000 9.786621
3.078000 9.762992
3.083000 9.739470
3.088000 9.716054
3.093000 9.692745
3.098000 9.669541
3.103000 9.646443
3.108000 9.623448
3.113000 9.600557
3.118000 9.577769
3.123000 9.555083
3.128000 9.532499
3.133000 9.510016
3.138000 9.487633
3.143000 9.465351
3.148000 9.443168
3.153000 9.421083
3.158000 9.399097
3.163000 9.377208
3.168000 9.355417
3.173000 9.333721
3.178000 9.312122
3.183000 9.290618
3.188000 9.269209
3.193000 9.247893
3.198000 9.226672
3.203000 9.205543
3.208000 9.184507
3.213000 9.163564
3.218000 9.142711
3.223000 9.121950
3.228000 9.101279
3.233000 9.080697
3.238000 9.060206
3.243000 9.039803
3.248000 9.019488
3.253000 8.999261
3.258000 8.979122
3.263000 8.959070
3.268000 8.939103
3.273000 8.919223
3.278000 8.899428
3.283000 8.879718
3.288000 8.860092
3.293000 8.840551
3.298000 8.821092
3.303000 8.801717
3.308000 8.782424
3.313000 8.763213
3.318000 8.744084
3.323000 8.725036
3.328000 8.706068
3.333000 8.687181
3.338000 8.668374
3.343000 8.649646
3.348000 8.630996
3.353000 8.612426
3.358000 8.593933
3.363000 8.574747
3.368000 8.555617
3.373000 8.536567
3.378000 8.517596
3.383000 8.498703
3.388000 8.479888
3.393000 8.461151
3.398000 8.442491
3.403000 8.423908
3.408000 8.405401
3.413000 8.386970
3.418000 8.368615
3.423000 8.350335
3.428000 8.332130
3.433000 8.313998
3.438000 8.295941
3.443000 8.277957
3.448000 8.260047
3.453000 8.242209
3.458000 8.224443
3.463000 8.206750
3.468000 8.189127
3.473000 8.171576
3.478000 8.154096
3.483000 8.136686
3.488000 8.119346
3.493000 8.102076
3.498000 8.084875
3.503000 8.067743
3.508000 8.050679
3.513000 8.033684
3.518000 8.016756
3.523000 7.999896
3.528000 7.983103
3.533000 7.966376
3.538000 7.949716
3.543000 7.933122
3.548000 7.916594
3.553000 7.900130
3.558000 7.883732
3.563000 7.867399
3.568000 7.851130
3.573000 7.834924
3.578000 7.818783
3.583000 7.802704
3.588000 7.786689
3.593000 7.770736
3.598000 7.754846
3.603000 7.739017
3.608000 7.723251
3.613000 7.707545
3.618000 7.691901
3.623000 7.676317
3.628000 7.660794
3.633000 7.645330
3.638000 7.629927
3.643000 7.614583
3.648000 7.599298
3.653000 7.584072
3.658000 7.568905
3.663000 7.553796
3.668000 7.538745
3.673000 7.523751
3.678000 7.508815
3.683000 7.493936
3.688000 7.479114
3.693000 7.464349
3.698000 7.449639
3.703000 7.434986
3.708000 7.420388
3.713000 7.405845
3.718000 7.391358
3.723000 7.376926
3.728000 7.362548
3.733000 7.348224
3.738000 7.333954
3.743000 7.319739
3.748000 7.305576
3.753000 7.291467
3.758000 7.277411
3.763000 7.263407
3.768000 7.249456
3.773000 7.235557
3.778000 7.221710
3.783000 7.207914
3.788000 7.194170
3.793000 7.180477
3.798000 7.166835
3.803000 7.153244
3.808000 7.139703
3.813000 7.126212
3.818000 7.112771
3.823000 7.099380
3.828000 7.086038
3.833000 7.072745
3.838000 7.059040
3.843000 7.045200
3.848000 7.031411
3.853000 7.017672
3.858000 7.003983
3.863000 6.990344
3.868000 6.976754
3.873000 6.963213
3.878000 6.949722
3.883000 6.936278
3.888000 6.922884
3.893000 6.909537
3.898000 6.896239
3.903000 6.882988
3.908000 6.869785
3.913000 6.856629
3.918000 6.843520
3.923000 6.830458
3.928000 6.817442
3.933000 6.804473
3.938000 6.791551
3.943000 6.778674
3.948000 6.765843
3.953000 6.753057
3.958000 6.740317
3.963000 6.727621
3.968000 6.714971
3.973000 6.702365
3.978000 6.689804
3.983000 6.677287
3.988000 6.664814
3.993000 6.652385
3.998000 6.640000
4.003000 6.627658
4.008000 6.615359
4.013000 6.603103
4.018000 6.590890
4.023000 6.578720
4.028000 6.566592
4.033000 6.554506
4.038000 6.542462
4.043000 6.530461
4.048000 6.518500
4.053000 6.506582
4.058000 6.494704
4.063000 6.482868
4.068000 6.471072
4.073000 6.459317
4.078000 6.447603
4.083000 6.435929
4.088000 6.424295
4.093000 6.412701
4.098000 6.401147
4.103000 6.389632
4.108000 6.378157
4.113000 6.366721
4.118000 6.355324
4.123000 6.343966
4.128000 6.332647
4.133000 6.321366
4.138000 6.310123
4.143000 6.298919
4.148000 6.287753
4.153000 6.276624
4.158000 6.265533
4.163000 6.254480
4.168000 6.243464
4.173000 6.232485
4.178000 6.221543
4.183000 6.210638
4.188000 6.199770
4.193000 6.188938
4.198000 6.178142
4.203000 6.167383
4.208000 6.156659
4.213000 6.145972
4.218000 6.135320
4.223000 6.124704
4.228000 6.114123
4.233000 6.103577
4.238000 6.093066
4.243000 6.082590
4.248000 6.072149
4.253000 6.061743
4.258000 6.051371
4.263000 6.041033
4.268000 6.030730
4.273000 6.020460
4.278000 6.010225
4.283000 6.000023
4.288000 5.989854
4.293000 5.979719
4.298000 5.969617
4.303000 5.959549
4.308000 5.949513
4.313000 5.939510
4.318000 5.929540
4.323000 5.919603
4.328000 5.909698
4.333000 5.899825
4.338000 5.889984
4.343000 5.880175
4.348000 5.870399
4.353000 5.860653
4.358000 5.850940
4.363000 5.841258
4.368000 5.831607
4.373000 5.821987
4.378000 5.812254
4.383000 5.802290
4.388000 5.792358
4.393000 5.782457
4.398000 5.772588
4.403000 5.762750
4.408000 5.752944
4.413000 5.743169
4.418000 5.733424
4.423000 5.723711
4.428000 5.714028
4.433000 5.704377
4.438000 5.694755
4.443000 5.685164
4.448000 5.675603
4.453000 5.666073
4.458000 5.656572
4.463000 5.647102
4.468000 5.637661
4.473000 5.628249
4.478000 5.618867
4.483000 5.609515
4.488000 5.600192
4.493000 5.590898
4.498000 5.581633
4.503000 5.572396
4.508000 5.563189
4.513000 5.554010
4.518000 5.544860
4.523000 5.535738
4.528000 5.526645
4.533000 5.517579
4.538000 5.508542
4.543000 5.499533
4.548000 5.490551
4.553000 5.481598
4.558000 5.472671
4.563000 5.463773
4.568000 5.454901
4.573000 5.446057
4.578000 5.437240
4.583000 5.428451
4.588000 5.419688
4.593000 5.410952
4.598000 5.402242
4.603000 5.393560
4.608000 5.384903
4.613000 5.376273
4.618000 5.367670
4.623000 5.359092
4.628000 5.350541
4.633000 5.342016
4.638000 5.333516
4.643000 5.325042
4.648000 5.316594
4.653000 5.308172
4.658000 5.299775
4.663000 5.291403
4.668000 5.283056
4.673000 5.274735
4.678000 5.266439
4.683000 5.258167
4.688000 5.249921
4.693000 5.241699
4.698000 5.233502
4.703000 5.225329
4.708000 5.217181
4.713000 5.209057
4.718000 5.200957
4.723000 5.192882
4.728000 5.184831
4.733000 5.176803
4.738000 5.168800
4.743000 5.160820
4.748000 5.152864
4.753000 5.144932
4.758000 5.137023
4.763000 5.129137
4.768000 5.121275
4.773000 5.113436
4.778000 5.105620
4.783000 5.097827
4.788000 5.090057
4.793000 5.082310
4.798000 5.074586
4.803000 5.066884
4.808000 5.059205
4.813000 5.051549
4.818000 5.043915
4.823000 5.036303
4.828000 5.028714
4.833000 5.021146
4.838000 5.013601
4.843000 5.006078
4.848000 4.998576
4.853000 4.991097
4.858000 4.983639
4.863000 4.976203
4.868000 4.968789
4.873000 4.961395
4.878000 4.954024
4.883000 4.946673
4.888000 4.939344
4.893000 4.932037
4.898000 4.924750
4.903000 4.917484
4.908000 4.910239
4.913000 4.903015
4.918000 4.895812
4.923000 4.888629
4.928000 4.881467
4.933000 4.874325
4.938000 4.867204
4.943000 4.860104
4.948000 4.853023
4.953000 4.845963
4.958000 4.838923
4.963000 4.831903
4.968000 4.824903
4.973000 4.817923
4.978000 4.810963
4.983000 4.804023
4.988000 4.797011
4.993000 4.789795
4.998000 4.782600
5.003000 4.775425
5.008000 4.768270
5.013000 4.761135
5.018000 4.754020
5.023000 4.746925
5.028000 4.739850
5.033000 4.732794
5.038000 4.725758
5.043000 4.718742
5.048000 4.711745
5.053000 4.704768
5.058000 4.697810
5.063000 4.690872
5.068000 4.683952
5.073000 4.677052
5.078000 4.670171
5.083000 4.663309
5.088000 4.656466
5.093000 4.649641
5.098000 4.642836
5.103000 4.636049
5.108000 4.629281
5.113000 4.622531
5.118000 4.615800
5.123000 4.609088
5.128000 4.602394
5.133000 4.595718
5.138000 4.589060
5.143000 4.582421
5.148000 4.575800
5.153000 4.569197
5.158000 4.562612
5.163000 4.556044
5.168000 4.549495
5.173000 4.542964
5.178000 4.536450
5.183000 4.529954
5.188000 4.523475
5.193000 4.517014
5.198000 4.510571
5.203000 4.504145
5.208000 4.497736
5.213000 4.491345
5.218000 4.484970
5.223000 4.478613
5.228000 4.472274
5.233000 4.465951
5.238000 4.459645
5.243000 4.453356
5.248000 4.447084
5.253000 4.440829
5.258000 4.434590
5.263000 4.428368
5.268000 4.422163
5.273000 4.415974
5.278000 4.409802
5.283000 4.403647
5.288000 4.397507
5.293000 4.391384
5.298000 4.385278
5.303000 4.379187
5.308000 4.373113
5.313000 4.367055
5.318000 4.361013
5.323000 4.354987
5.328000 4.348976
5.333000 4.342982
5.338000 4.337004
5.343000 4.331041
5.348000 4.325094
5.353000 4.319162
5.358000 4.313247
5.363000 4.307347
5.368000 4.301462
5.373000 4.295593
5.378000 4.289739
5.383000 4.283900
5.388000 4.278077
5.393000 4.272269
5.398000 4.266476
5.403000 4.260698
5.408000 4.254936
5.413000 4.249188
5.418000 4.243455
5.423000 4.237737
5.428000 4.232035
5.433000 4.226346
5.438000 4.220673
5.443000 4.215014
5.448000 4.209370
5.453000 4.203741
5.458000 4.198126
5.463000 4.192526
5.468000 4.186940
5.473000 4.181369
5.478000 4.175812
5.483000 4.170269
5.488000 4.164741
5.493000 4.159226
5.498000 4.153726
5.503000 4.148240
5.508000 4.142768
5.513000 4.137310
5.518000 4.131866
5.523000 4.126436
5.528000 4.121020
5.533000 4.115618
5.538000 4.110230
5.543000 4.104855
5.548000 4.099494
5.553000 4.094146
5.558000 4.088813
5.563000 4.083492
5.568000 4.078186
5.573000 4.072892
5.578000 4.067613
5.583000 4.062346
5.588000 4.057093
5.593000 4.051853
5.598000 4.046627
5.603000 4.041413
5.608000 4.036213
5.613000 4.031026
5.618000 4.025852
5.623000 4.020691
5.628000 4.015543
5.633000 4.010407
5.638000 4.005285
5.643000 4.000176
5.648000 3.995079
5.653000 3.989995
5.658000 3.984924
5.663000 3.979866
5.668000 3.974820
5.673000 3.969787
5.678000 3.964766
5.683000 3.959525
5.688000 3.954294
5.693000 3.949076
5.698000 3.943870
5.703000 3.938678
5.708000 3.933498
5.713000 3.928331
5.718000 3.923176
5.723000 3.918035
5.728000 3.912905
5.733000 3.907789
5.738000 3.902685
5.743000 3.897593
5.748000 3.892514
5.753000 3.887447
5.758000 3.882393
5.763000 3.877351
5.768000 3.872321
5.773000 3.867304
5.778000 3.862299
5.783000 3.857305
5.788000 3.852324
5.793000 3.847355
5.798000 3.842399
5.803000 3.837454
5.808000 3.832521
5.813000 3.827600
5.818000 3.822691
5.823000 3.817794
5.828000 3.812908
5.833000 3.808035
5.838000 3.803173
5.843000 3.798322
5.848000 3.793484
5.853000 3.788657
5.858000 3.783842
5.863000 3.779038
5.868000 3.774246
5.873000 3.769465
5.878000 3.764696
5.883000 3.759938
5.888000 3.755191
5.893000 3.750456
5.898000 3.745732
5.903000 3.741020
5.908000 3.736318
5.913000 3.731628
5.918000 3.726949
5.923000 3.722281
5.928000 3.717624
5.933000 3.712978
5.938000 3.708343
5.943000 3.703719
5.948000 3.699107
5.953000 3.694505
5.958000 3.689913
5.963000 3.685333
5.968000 3.680764
5.973000 3.676205
5.978000 3.671657
5.983000 3.667120
5.988000 3.662593
5.993000 3.658077
5.998000 3.653572
6.003000 3.649077
6.008000 3.644593
6.013000 3.640119
6.018000 3.635656
6.023000 3.631203
6.028000 3.626761
6.033000 3.622329
6.038000 3.617907
6.043000 3.613496
6.048000 3.609095
6.053000 3.604704
6.058000 3.600324
6.063000 3.595953
6.068000 3.591593
6.073000 3.587243
6.078000 3.582903
6.083000 3.578573
6.088000 3.574253
6.093000 3.569943
6.098000 3.565643
6.103000 3.561353
6.108000 3.557073
6.113000 3.552802
6.118000 3.548542
6.123000 3.544291
6.128000 3.540051
6.133000 3.535820
6.138000 3.531598
6.143000 3.527387
6.148000 3.523185
6.153000 3.518992
6.158000 3.514810
6.163000 3.510637
6.168000 3.506473
6.173000 3.502319
6.178000 3.498174
6.183000 3.494039
6.188000 3.489914
6.193000 3.485797
6.198000 3.481690
6.203000 3.477593
6.208000 3.473505
6.213000 3.469426
6.218000 3.465356
6.223000 3.461296
6.228000 3.457244
6.233000 3.453202
6.238000 3.449170
6.243000 3.445146
6.248000 3.441131
6.253000 3.437126
6.258000 3.433129
6.263000 3.429142
6.268000 3.425163
6.273000 3.421193
6.278000 3.417233
6.283000 3.413281
6.288000 3.409338
6.293000 3.405404
6.298000 3.401479
6.303000 3.397563
6.308000 3.393655
6.313000 3.389757
6.318000 3.385867
6.323000 3.381985
6.328000 3.378113
6.333000 3.374249
6.338000 3.370393
6.343000 3.366546
6.348000 3.362708
6.353000 3.358878
6.358000 3.355057
6.363000 3.351245
6.368000 3.347441
6.373000 3.343645
6.378000 3.339858
6.383000 3.336079
6.388000 3.332308
6.393000 3.328546
6.398000 3.324792
6.403000 3.321047
6.408000 3.317309
6.413000 3.313580
6.418000 3.309860
6.423000 3.306147
6.428000 3.302443
6.433000 3.298746
6.438000 3.295058
6.443000 3.291378
6.448000 3.287706
6.453000 3.284043
6.458000 3.280387
6.463000 3.276739
6.468000 3.273013
6.473000 3.269212
6.478000 3.265419
6.483000 3.261634
6.488000 3.257857
6.493000 3.254088
6.498000 3.250328
6.503000 3.246576
6.508000 3.242831
6.513000 3.239095
6.518000 3.235367
6.523000 3.231647
6.528000 3.227935
6.533000 3.224231
6.538000 3.220535
6.543000 3.216847
6.548000 3.213166
6.553000 3.209494
6.558000 3.205830
6.563000 3.202173
6.568000 3.198524
6.573000 3.194883
6.578000 3.191250
6.583000 3.187625
6.588000 3.184007
6.593000 3.180397
6.598000 3.176795
6.603000 3.173200
6.608000 3.169613
6.613000 3.166034
6.618000 3.162462
6.623000 3.158898
6.628000 3.155341
6.633000 3.151792
6.638000 3.148251
6.643000 3.144717
6.648000 3.141190
6.653000 3.137671
6.658000 3.134160
6.663000 3.130656
6.668000 3.127159
6.673000 3.123669
6.678000 3.120187
6.683000 3.116713
6.688000 3.113245
6.693000 3.109785
6.698000 3.106332
6.703000 3.102887
6.708000 3.099448
6.713000 3.096017
6.718000 3.092593
6.723000 3.089176
6.728000 3.085767
6.733000 3.082364
6.738000 3.078969
6.743000 3.075581
6.748000 3.072199
6.753000 3.068825
6.758000 3.065458
6.763000 3.062098
6.768000 3.058745
6.773000 3.055399
6.778000 3.052059
6.783000 3.048727
6.788000 3.045402
6.793000 3.042083
6.798000 3.038772
6.803000 3.035467
6.808000 3.032169
6.813000 3.028878
6.818000 3.025594
6.823000 3.022316
6.828000 3.019046
6.833000 3.015782
6.838000 3.012524
6.843000 3.009274
6.848000 3.006030
6.853000 3.002793
6.858000 2.999562
6.863000 2.996339
6.868000 2.993121
6.873000 2.989911
6.878000 2.986707
6.883000 2.983509
6.888000 2.980318
6.893000 2.977134
6.898000 2.973956
6.903000 2.970785
6.908000 2.967620
6.913000 2.964461
6.918000 2.961309
6.923000 2.958164
6.928000 2.955024
6.933000 2.951892
6.938000 2.948765
6.943000 2.945645
6.948000 2.942531
6.953000 2.939424
6.958000 2.936323
6.963000 2.933228
6.968000 2.930139
6.973000 2.927057
6.978000 2.923981
6.983000 2.920911
6.988000 2.917848
6.993000 2.914790
6.998000 2.911739
7.003000 2.908694
7.008000 2.905655
7.013000 2.902622
7.018000 2.899595
7.023000 2.896574
7.028000 2.893560
7.033000 2.890551
7.038000 2.887549
7.043000 2.884552
7.048000 2.881562
7.053000 2.878577
7.058000 2.875599
7.063000 2.872626
7.068000 2.869659
7.073000 2.866699
7.078000 2.863744
7.083000 2.860795
7.088000 2.857852
7.093000 2.854915
7.098000 2.851984
7.103000 2.849058
7.108000 2.846139
7.113000 2.843225
7.118000 2.840317
7.123000 2.837414
7.128000 2.834518
7.133000 2.831627
7.138000 2.828742
7.143000 2.825863
7.148000 2.822989
7.153000 2.820121
7.158000 2.817259
7.163000 2.814402
7.168000 2.811551
7.173000 2.808706
7.178000 2.805866
7.183000 2.803032
7.188000 2.800204
7.193000 2.797381
7.198000 2.794563
7.203000 2.791751
7.208000 2.788945
7.213000 2.786144
7.218000 2.783349
7.223000 2.780559
7.228000 2.777774
7.233000 2.774995
7.238000 2.772222
7.243000 2.769453
7.248000 2.766691
7.253000 2.763933
7.258000 2.761181
7.263000 2.758435
7.268000 2.755694
7.273000 2.752958
7.278000 2.750227
7.283000 2.747502
7.288000 2.744782
7.293000 2.742067
7.298000 2.739358
7.303000 2.736654
7.308000 2.733955
7.313000 2.731261
7.318000 2.728573
7.323000 2.725890
7.328000 2.723212
7.333000 2.720539
7.338000 2.717871
7.343000 2.715209
7.348000 2.712551
7.353000 2.709899
7.358000 2.707252
7.363000 2.704544
7.368000 2.701782
7.373000 2.699025
7.378000 2.696274
7.383000 2.693528
7.388000 2.690787
7.393000 2.688051
7.398000 2.685321
7.403000 2.682595
7.408000 2.679875
7.413000 2.677160
7.418000 2.674450
7.423000 2.671745
7.428000 2.669046
7.433000 2.666351
7.438000 2.663662
7.443000 2.660978
7.448000 2.658298
7.453000 2.655624
7.458000 2.652955
7.463000 2.650291
7.468000 2.647632
7.473000 2.644978
7.478000 2.642329
7.483000 2.639684
7.488000 2.637045
7.493000 2.634411
7.498000 2.631782
7.503000 2.629158
7.508000 2.626538
7.513000 2.623924
7.518000 2.621314
7.523000 2.618709
7.528000 2.616109
7.533000 2.613514
7.538000 2.610924
7.543000 2.608339
7.548000 2.605759
7.553000 2.603183
7.558000 2.600612
7.563000 2.598046
7.568000 2.595485
7.573000 2.592928
7.578000 2.590376
7.583000 2.587829
7.588000 2.585287
7.593000 2.582749
7.598000 2.580216
7.603000 2.577688
7.608000 2.575164
7.613000 2.572646
7.618000 2.570131
7.623000 2.567622
7.628000 2.565117
7.633000 2.562616
7.638000 2.560121
7.643000 2.557630
7.648000 2.555143
7.653000 2.552661
7.658000 2.550184
7.663000 2.547711
7.668000 2.545243
7.673000 2.542779
7.678000 2.540320
7.683000 2.537865
7.688000 2.535415
7.693000 2.532969
7.698000 2.530528
7.703000 2.528091
7.708000 2.525659
7.713000 2.523231
7.718000 2.520807
7.723000 2.518388
7.728000 2.515974
7.733000 2.513563
7.738000 2.511158
7.743000 2.508756
7.748000 2.506359
7.753000 2.503966
7.758000 2.501578
7.763000 2.499194
7.768000 2.496814
7.773000 2.494439
7.778000 2.492068
7.783000 2.489701
7.788000 2.487339
7.793000 2.484980
7.798000 2.482627
7.803000 2.480277
7.808000 2.477931
7.813000 2.475590
7.818000 2.473253
7.823000 2.470920
7.828000 2.468592
7.833000 2.466268
7.838000 2.463947
7.843000 2.461631
7.848000 2.459320
7.853000 2.457012
7.858000 2.454708
7.863000 2.452409
7.868000 2.450114
7.873000 2.447822
7.878000 2.445535
7.883000 2.443252
7.888000 2.440974
7.893000 2.438699
7.898000 2.436428
7.903000 2.434161
7.908000 2.431899
7.913000 2.429640
7.918000 2.427386
7.923000 2.425135
7.928000 2.422889
7.933000 2.420646
7.938000 2.418407
7.943000 2.416173
7.948000 2.413942
7.953000 2.411716
7.958000 2.409493
7.963000 2.407274
7.968000 2.405059
7.973000 2.402849
7.978000 2.400642
7.983000 2.398439
7.988000 2.396239
7.993000 2.394044
7.998000 2.391853
8.003000 2.389665
8.008000 2.387482
8.013000 2.385302
8.018000 2.383126
8.023000 2.380954
8.028000 2.378785
8.033000 2.376621
8.038000 2.374460
8.043000 2.372303
8.048000 2.370150
8.053000 2.368001
8.058000 2.365855
8.063000 2.363714
8.068000 2.361576
8.073000 2.359441
8.078000 2.357311
8.083000 2.355184
8.088000 2.353061
8.093000 2.350942
8.098000 2.348826
8.103000 2.346714
8.108000 2.344606
8.113000 2.342501
8.118000 2.340400
8.123000 2.338303
8.128000 2.336209
8.133000 2.334119
8.138000 2.332033
8.143000 2.329950
8.148000 2.327871
8.153000 2.325795
8.158000 2.323724
8.163000 2.321655
8.168000 2.319591
8.173000 2.317529
8.178000 2.315472
8.183000 2.313418
8.188000 2.311367
8.193000 2.309320
8.198000 2.307277
8.203000 2.305237
8.208000 2.303201
8.213000 2.301168
8.218000 2.299139
8.223000 2.297113
8.228000 2.295091
8.233000 2.293072
8.238000 2.291056
8.243000 2.289044
8.248000 2.287036
8.253000 2.285031
8.258000 2.283029
8.263000 2.281031
8.268000 2.279037
8.273000 2.277045
8.278000 2.275057
8.283000 2.273073
8.288000 2.271092
8.293000 2.269114
8.298000 2.267140
8.303000 2.265169
8.308000 2.263201
8.313000 2.261237
8.318000 2.259276
8.323000 2.257319
8.328000 2.255364
8.333000 2.253413
8.338000 2.251466
8.343000 2.249522
8.348000 2.247581
8.353000 2.245629
8.358000 2.243608
8.363000 2.241590
8.368000 2.239575
8.373000 2.237564
8.378000 2.235556
8.383000 2.233552
8.388000 2.231551
8.393000 2.229553
8.398000 2.227559
8.403000 2.225568
8.408000 2.223580
8.413000 2.221596
8.418000 2.219615
8.423000 2.217637
8.428000 2.215663
8.433000 2.213692
8.438000 2.211724
8.443000 2.209759
8.448000 2.207798
8.453000 2.205840
8.458000 2.203885
8.463000 2.201934
8.468000 2.199986
8.473000 2.198041
8.478000 2.196099
8.483000 2.194160
8.488000 2.192225
8.493000 2.190293
8.498000 2.188364
8.503000 2.186438
8.508000 2.184516
8.513000 2.182596
8.518000 2.180680
8.523000 2.178767
8.528000 2.176857
8.533000 2.174951
8.538000 2.173047
8.543000 2.171147
8.548000 2.169249
8.553000 2.167355
8.558000 2.165464
8.563000 2.163576
8.568000 2.161691
8.573000 2.159809
8.578000 2.157931
8.583000 2.156055
8.588000 2.154183
8.593000 2.152313
8.598000 2.150447
8.603000 2.148584
8.608000 2.146723
8.613000 2.144866
8.618000 2.143012
8.623000 2.141161
8.628000 2.139313
8.633000 2.137468
8.638000 2.135626
8.643000 2.133787
8.648000 2.131950
8.653000 2.130117
8.658000 2.128287
8.663000 2.126460
8.668000 2.124636
8.673000 2.122815
8.678000 2.120997
8.683000 2.119181
8.688000 2.117369
8.693000 2.115560
8.698000 2.113753
8.703000 2.111950
8.708000 2.110149
8.713000 2.108351
8.718000 2.106556
8.723000 2.104765
8.728000 2.102976
8.733000 2.101189
8.738000 2.099406
8.743000 2.097626
8.748000 2.095848
8.753000 2.094074
8.758000 2.092302
8.763000 2.090533
8.768000 2.088767
8.773000 2.087004
8.778000 2.085243
8.783000 2.083486
8.788000 2.081731
8.793000 2.079979
8.798000 2.078230
8.803000 2.076484
8.808000 2.074740
8.813000 2.073000
8.818000 2.071262
8.823000 2.069527
8.828000 2.067794
8.833000 2.066065
8.838000 2.064338
8.843000 2.062614
8.848000 2.060892
8.853000 2.059174
8.858000 2.057458
8.863000 2.055745
8.868000 2.054034
8.873000 2.052327
8.878000 2.050622
8.883000 2.048919
8.888000 2.047220
8.893000 2.045523
8.898000 2.043829
8.903000 2.042137
8.908000 2.040449
8.913000 2.038763
8.918000 2.037079
8.923000 2.035398
8.928000 2.033720
8.933000 2.032045
8.938000 2.030372
8.943000 2.028702
8.948000 2.027034
8.953000 2.025369
8.958000 2.023707
8.963000 2.022048
8.968000 2.020390
8.973000 2.018736
8.978000 2.017084
8.983000 2.015435
8.988000 2.013788
8.993000 2.012144
8.998000 2.010503
9.003000 2.008864
9.008000 2.007228
9.013000 2.005594
9.018000 2.003963
9.023000 2.002334
9.028000 2.000708
9.033000 1.999085
9.038000 1.997464
9.043000 1.995845
9.048000 1.994229
9.053000 1.992616
9.058000 1.991005
9.063000 1.989397
9.068000 1.987791
9.073000 1.986187
9.078000 1.984586
9.083000 1.982988
9.088000 1.981392
9.093000 1.979799
9.098000 1.978208
9.103000 1.976619
9.108000 1.975033
9.113000 1.973450
9.118000 1.971869
9.123000 1.970290
9.128000 1.968714
9.133000 1.967140
9.138000 1.965569
9.143000 1.964000
9.148000 1.962434
9.153000 1.960870
9.158000 1.959308
9.163000 1.957749
9.168000 1.956192
9.173000 1.954638
9.178000 1.953086
9.183000 1.951536
9.188000 1.949989
9.193000 1.948444
9.198000 1.946902
9.203000 1.945362
9.208000 1.943824
9.213000 1.942289
9.218000 1.940756
9.223000 1.939225
9.228000 1.937697
9.233000 1.936171
9.238000 1.934648
9.243000 1.933126
9.248000 1.931608
9.253000 1.930091
9.258000 1.928577
9.263000 1.927065
9.268000 1.925555
9.273000 1.924048
9.278000 1.922543
9.283000 1.921040
9.288000 1.919540
9.293000 1.918041
9.298000 1.916546
9.303000 1.915052
9.308000 1.913561
9.313000 1.912072
9.318000 1.910585
9.323000 1.909100
9.328000 1.907618
9.333000 1.906138
9.338000 1.904660
9.343000 1.903185
9.348000 1.901712
9.353000 1.900241
9.358000 1.898772
9.363000 1.897305
9.368000 1.895841
9.373000 1.894379
9.378000 1.892919
9.383000 1.891461
9.388000 1.890005
9.393000 1.888552
9.398000 1.887101
9.403000 1.885652
9.408000 1.884205
9.413000 1.882761
9.418000 1.881318
9.423000 1.879878
9.428000 1.878440
9.433000 1.877004
9.438000 1.875570
9.443000 1.874139
9.448000 1.872709
9.453000 1.871282
9.458000 1.869857
9.463000 1.868434
9.468000 1.867013
9.473000 1.865594
9.478000 1.864178
9.483000 1.862763
9.488000 1.861351
9.493000 1.859940
9.498000 1.858493
9.503000 1.857019
9.508000 1.855548
9.513000 1.854078
9.518000 1.852611
9.523000 1.851146
9.528000 1.849683
9.533000 1.848222
9.538000 1.846764
9.543000 1.845307
9.548000 1.843853
9.553000 1.842401
9.558000 1.840951
9.563000 1.839503
9.568000 1.838057
9.573000 1.836613
9.578000 1.835172
9.583000 1.833732
9.588000 1.832295
9.593000 1.830860
9.598000 1.829427
9.603000 1.827996
9.608000 1.826567
9.613000 1.825140
9.618000 1.823715
9.623000 1.822293
9.628000 1.820872
9.633000 1.819454
9.638000 1.818037
9.643000 1.816623
9.648000 1.815211
9.653000 1.813801
9.658000 1.812392
9.663000 1.810986
9.668000 1.809582
9.673000 1.808180
9.678000 1.806780
9.683000 1.805383
9.688000 1.803987
9.693000 1.802593
9.698000 1.801201
9.703000 1.799811
9.708000 1.798423
9.713000 1.797038
9.718000 1.795654
9.723000 1.794272
9.728000 1.792892
9.733000 1.791515
9.738000 1.790139
9.743000 1.788765
9.748000 1.787393
9.753000 1.786023
9.758000 1.784656
9.763000 1.783290
9.768000 1.781926
9.773000 1.780564
9.778000 1.779204
9.783000 1.777846
9.788000 1.776490
9.793000 1.775136
9.798000 1.773784
9.803000 1.772433
9.808000 1.771085
9.813000 1.769739
9.818000 1.768395
9.823000 1.767052
9.828000 1.765712
9.833000 1.764373
9.838000 1.763036
9.843000 1.761701
9.848000 1.760369
9.853000 1.759038
9.858000 1.757709
9.863000 1.756381
9.868000 1.755056
9.873000 1.753733
9.878000 1.752411
9.883000 1.751092
9.888000 1.749774
9.893000 1.748458
9.898000 1.747144
9.903000 1.745832
9.908000 1.744522
9.913000 1.743214
9.918000 1.741907
9.923000 1.740603
9.928000 1.739300
9.933000 1.737999
9.938000 1.736700
9.943000 1.735403
9.948000 1.734107
9.953000 1.732814
9.958000 1.731522
9.963000 1.730232
9.968000 1.728944
9.973000 1.727658
9.978000 1.726373
9.983000 1.725091
9.988000 1.723810
9.993000 1.722531
9.998000 1.721254
10.003000 1.719978
10.008000 1.718705
10.013000 1.717433
10.018000 1.716163
10.023000 1.714895
10.028000 1.713628
10.033000 1.712364
10.038000 1.711101
10.043000 1.709840
10.048000 1.708580
10.053000 1.707323
10.058000 1.706067
10.063000 1.704813
10.068000 1.703561
10.073000 1.702310
10.078000 1.701062
10.083000 1.699815
10.088000 1.698569
10.093000 1.697326
10.098000 1.696084
10.103000 1.694844
10.108000 1.693606
10.113000 1.692369
10.118000 1.691134
10.123000 1.689901
10.128000 1.688670
10.133000 1.687440
10.138000 1.686212
10.143000 1.684986
10.148000 1.683761
10.153000 1.682538
10.158000 1.681317
10.163000 1.680098
10.168000 1.678880
10.173000 1.677664
10.178000 1.676450
10.183000 1.675237
10.188000 1.674026
10.193000 1.672817
10.198000 1.671609
10.203000 1.670403
10.208000 1.669199
10.213000 1.667996
10.218000 1.666795
10.223000 1.665596
10.228000 1.664398
10.233000 1.663202
10.238000 1.662008
10.243000 1.660815
10.248000 1.659624
10.253000 1.658434
10.258000 1.657247
10.263000 1.656061
10.268000 1.654876
10.273000 1.653693
10.278000 1.652512
10.283000 1.651332
10.288000 1.650154
10.293000 1.648978
10.298000 1.647803
10.303000 1.646630
10.308000 1.645458
10.313000 1.644288
10.318000 1.643120
10.323000 1.641953
10.328000 1.640788
10.333000 1.639625
10.338000 1.638463
10.343000 1.637302
10.348000 1.636144
10.353000 1.634986
10.358000 1.633831
10.363000 1.632677
10.368000 1.631524
10.373000 1.630373
10.378000 1.629224
10.383000 1.628076
10.388000 1.626930
10.393000 1.625786
10.398000 1.624642
10.403000 1.623501
10.408000 1.622361
10.413000 1.621223
10.418000 1.620086
10.423000 1.618950
10.428000 1.617817
10.433000 1.616684
10.438000 1.615554
10.443000 1.614425
10.448000 1.613297
10.453000 1.612171
10.458000 1.611046
10.463000 1.609923
10.468000 1.608802
10.473000 1.607682
10.478000 1.606563
10.483000 1.605446
10.488000 1.604331
10.493000 1.603217
10.498000 1.602104
10.503000 1.600993
10.508000 1.599884
10.513000 1.598776
10.518000 1.597669
10.523000 1.596564
10.528000 1.595461
10.533000 1.594359
10.538000 1.593258
10.543000 1.592159
10.548000 1.591061
10.553000 1.589965
10.558000 1.588871
10.563000 1.587777
10.568000 1.586686
10.573000 1.585596
10.578000 1.584507
10.583000 1.583419
10.588000 1.582334
10.593000 1.581249
10.598000 1.580166
10.603000 1.579085
10.608000 1.578005
10.613000 1.576926
10.618000 1.575849
10.623000 1.574773
10.628000 1.573699
10.633000 1.572626
10.638000 1.571554
10.643000 1.570484
10.648000 1.569416
10.653000 1.568349
10.658000 1.567283
10.663000 1.566218
10.668000 1.565156
10.673000 1.564094
10.678000 1.563034
10.683000 1.561975
10.688000 1.560918
10.693000 1.559862
10.698000 1.558808
10.703000 1.557754
10.708000 1.556703
10.713000 1.555652
10.718000 1.554604
10.723000 1.553556
10.728000 1.552510
10.733000 1.551465
10.738000 1.550422
10.743000 1.549380
10.748000 1.548339
10.753000 1.547300
10.758000 1.546262
10.763000 1.545226
10.768000 1.544190
10.773000 1.543157
10.778000 1.542124
10.783000 1.541093
10.788000 1.540064
10.793000 1.539035
10.798000 1.537998
10.803000 1.536927
10.808000 1.535857
10.813000 1.534789
10.818000 1.533721
10.823000 1.532656
10.828000 1.531591
10.833000 1.530528
10.838000 1.529466
10.843000 1.528406
10.848000 1.527347
10.853000 1.526290
10.858000 1.525234
10.863000 1.524179
10.868000 1.523125
10.873000 1.522073
10.878000 1.521023
10.883000 1.519973
10.888000 1.518925
10.893000 1.517879
10.898000 1.516834
10.903000 1.515790
10.908000 1.514747
10.913000 1.513706
10.918000 1.512666
10.923000 1.511628
10.928000 1.510590
10.933000 1.509555
10.938000 1.508520
10.943000 1.507487
10.948000 1.506455
10.953000 1.505425
10.958000 1.504395
10.963000 1.503367
10.968000 1.502341
10.973000 1.501316
10.978000 1.500292
10.983000 1.499269
10.988000 1.498248
10.993000 1.497228
10.998000 1.496209
11.003000 1.495192
11.008000 1.494176
11.013000 1.493161
11.018000 1.492148
11.023000 1.491135
11.028000 1.490125
11.033000 1.489115
11.038000 1.488107
11.043000 1.487100
11.048000 1.486094
11.053000 1.485090
11.058000 1.484086
11.063000 1.483084
11.068000 1.482084
11.073000 1.481085
11.078000 1.480087
11.083000 1.479090
11.088000 1.478094
11.093000 1.477100
11.098000 1.476107
11.103000 1.475115
11.108000 1.474125
11.113000 1.473136
11.118000 1.472148
11.123000 1.471161
11.128000 1.470175
11.133000 1.469191
11.138000 1.468208
11.143000 1.467227
11.148000 1.466246
11.153000 1.465267
11.158000 1.464289
11.163000 1.463312
11.168000 1.462337
11.173000 1.461362
11.178000 1.460389
11.183000 1.459418
11.188000 1.458447
11.193000 1.457478
11.198000 1.456509
11.203000 1.455542
11.208000 1.454577
11.213000 1.453612
11.218000 1.452649
11.223000 1.451687
11.228000 1.450726
11.233000 1.449766
11.238000 1.448808
11.243000 1.447851
11.248000 1.446895
11.253000 1.445940
11.258000 1.444986
11.263000 1.444034
11.268000 1.443082
11.273000 1.442132
11.278000 1.441183
11.283000 1.440236
11.288000 1.439289
11.293000 1.438344
11.298000 1.437400
11.303000 1.436457
11.308000 1.435515
11.313000 1.434574
11.318000 1.433635
11.323000 1.432697
11.328000 1.431760
11.333000 1.430824
11.338000 1.429889
11.343000 1.428955
11.348000 1.428023
11.353000 1.427092
11.358000 1.426162
11.363000 1.425233
11.368000 1.424305
11.373000 1.423378
11.378000 1.422453
11.383000 1.421528
11.388000 1.420605
11.393000 1.419683
11.398000 1.418762
11.403000 1.417842
11.408000 1.416924
11.413000 1.416006
11.418000 1.415090
11.423000 1.414175
11.428000 1.413260
11.433000 1.412347
11.438000 1.411436
11.443000 1.410525
11.448000 1.409615
11.453000 1.408707
11.458000 1.407799
11.463000 1.406893
11.468000 1.405988
11.473000 1.405084
11.478000 1.404181
11.483000 1.403280
11.488000 1.402379
11.493000 1.401479
11.498000 1.400581
11.503000 1.399683
11.508000 1.398787
11.513000 1.397892
11.518000 1.396998
11.523000 1.396105
11.528000 1.395213
11.533000 1.394323
11.538000 1.393433
11.543000 1.392544
11.548000 1.391657
11.553000 1.390770
11.558000 1.389885
11.563000 1.389001
11.568000 1.388118
11.573000 1.387236
11.578000 1.386355
11.583000 1.385475
11.588000 1.384596
11.593000 1.383718
11.598000 1.382841
11.603000 1.381966
11.608000 1.381091
11.613000 1.380218
11.618000 1.379345
11.623000 1.378474
11.628000 1.377604
11.633000 1.376734
11.638000 1.375866
11.643000 1.374999
11.648000 1.374133
11.653000 1.373268
11.658000 1.372404
11.663000 1.371541
11.668000 1.370679
11.673000 1.369818
11.678000 1.368958
11.683000 1.368100
11.688000 1.367242
11.693000 1.366385
11.698000 1.365530
11.703000 1.364675
11.708000 1.363821
11.713000 1.362969
11.718000 1.362117
11.723000 1.361267
11.728000 1.360417
11.733000 1.359569
11.738000 1.358722
11.743000 1.357875
11.748000 1.357030
11.753000 1.356186
11.758000 1.355342
11.763000 1.354500
11.768000 1.353659
11.773000 1.352818
11.778000 1.351979
11.783000 1.351141
11.788000 1.350303
11.793000 1.349467
11.798000 1.348632
11.803000 1.347798
11.808000 1.346964
11.813000 1.346132
11.818000 1.345301
11.823000 1.344471
11.828000 1.343641
11.833000 1.342813
11.838000 1.341986
11.843000 1.341160
11.848000 1.340334
11.853000 1.339510
11.858000 1.338687
11.863000 1.337864
11.868000 1.337043
11.873000 1.336223
11.878000 1.335403
11.883000 1.334585
11.888000 1.333767
11.893000 1.332951
11.898000 1.332135
11.903000 1.331321
11.908000 1.330507
11.913000 1.329695
11.918000 1.328883
11.923000 1.328072
11.928000 1.327263
11.933000 1.326454
11.938000 1.325646
11.943000 1.324839
11.948000 1.324034
11.953000 1.323229
11.958000 1.322425
11.963000 1.321622
11.968000 1.320820
11.973000 1.320019
11.978000 1.319218
11.983000 1.318419
11.988000 1.317621
11.993000 1.316824
11.998000 1.316027
12.003000 1.315232
12.008000 1.314437
12.013000 1.313644
12.018000 1.312851
12.023000 1.312060
12.028000 1.311269
12.033000 1.310479
12.038000 1.309690
12.043000 1.308902
12.048000 1.308115
12.053000 1.307329
12.058000 1.306544
12.063000 1.305760
12.068000 1.304976
12.073000 1.304194
12.078000 1.303413
12.083000 1.302632
12.088000 1.301852
12.093000 1.301074
12.098000 1.300296
12.103000 1.299519
12.108000 1.298743
12.113000 1.297968
12.118000 1.297194
12.123000 1.296420
12.128000 1.295648
12.133000 1.294877
12.138000 1.294106
12.143000 1.293337
12.148000 1.292568
12.153000 1.291800
12.158000 1.291033
12.163000 1.290267
12.168000 1.289502
12.173000 1.288737
12.178000 1.287974
12.183000 1.287212
12.188000 1.286450
12.193000 1.285689
12.198000 1.284929
12.203000 1.284171
12.208000 1.283413
12.213000 1.282655
12.218000 1.281899
12.223000 1.281144
12.228000 1.280389
12.233000 1.279635
12.238000 1.278883
12.243000 1.278131
12.248000 1.277380
12.253000 1.276630
12.258000 1.275880
12.263000 1.275132
12.268000 1.274384
12.273000 1.273638
12.278000 1.272892
12.283000 1.272147
12.288000 1.271403
12.293000 1.270659
12.298000 1.269917
12.303000 1.269176
12.308000 1.268435
12.313000 1.267662
12.318000 1.266887
12.323000 1.266114
12.328000 1.265341
12.333000 1.264569
12.338000 1.263798
12.343000 1.263028
12.348000 1.262258
12.353000 1.261490
12.358000 1.260722
12.363000 1.259956
12.368000 1.259190
12.373000 1.258425
12.378000 1.257661
12.383000 1.256898
12.388000 1.256136
12.393000 1.255374
12.398000 1.254614
12.403000 1.253854
12.408000 1.253095
12.413000 1.252337
12.418000 1.251580
12.423000 1.250824
12.428000 1.250068
12.433000 1.249314
12.438000 1.248560
12.443000 1.247807
12.448000 1.247055
12.453000 1.246304
12.458000 1.245554
12.463000 1.244804
12.468000 1.244056
12.473000 1.243308
12.478000 1.242561
12.483000 1.241815
12.488000 1.241070
12.493000 1.240325
12.498000 1.239582
12.503000 1.238839
12.508000 1.238097
12.513000 1.237356
12.518000 1.236616
12.523000 1.235877
12.528000 1.235138
12.533000 1.234400
12.538000 1.233664
12.543000 1.232928
12.548000 1.232192
12.553000 1.231458
12.558000 1.230724
12.563000 1.229992
12.568000 1.229260
12.573000 1.228529
12.578000 1.227798
12.583000 1.227069
12.588000 1.226340
12.593000 1.225613
12.598000 1.224886
12.603000 1.224159
12.608000 1.223434
12.613000 1.222709
12.618000 1.221986
12.623000 1.221263
12.628000 1.220541
12.633000 1.219819
12.638000 1.219099
12.643000 1.218379
12.648000 1.217660
12.653000 1.216942
12.658000 1.216225
12.663000 1.215508
12.668000 1.214793
12.673000 1.214078
12.678000 1.213364
12.683000 1.212650
12.688000 1.211938
12.693000 1.211226
12.698000 1.210515
12.703000 1.209805
12.708000 1.209095
12.713000 1.208387
12.718000 1.207679
12.723000 1.206972
12.728000 1.206266
12.733000 1.205560
12.738000 1.204856
12.743000 1.204152
12.748000 1.203449
12.753000 1.202746
12.758000 1.202045
12.763000 1.201344
12.768000 1.200644
12.773000 1.199945
12.778000 1.199247
12.783000 1.198549
12.788000 1.197852
12.793000 1.197156
12.798000 1.196460
12.803000 1.195766
12.808000 1.195072
12.813000 1.194379
12.818000 1.193687
12.823000 1.192995
12.828000 1.192304
12.833000 1.191614
12.838000 1.190925
12.843000 1.190237
12.848000 1.189549
12.853000 1.188862
12.858000 1.188176
12.863000 1.187490
12.868000 1.186805
12.873000 1.186121
12.878000 1.185438
12.883000 1.184756
12.888000 1.184074
12.893000 1.183393
12.898000 1.182713
12.903000 1.182033
12.908000 1.181354
12.913000 1.180676
12.918000 1.179999
12.923000 1.179323
12.928000 1.178647
12.933000 1.177972
12.938000 1.177298
12.943000 1.176624
12.948000 1.175951
12.953000 1.175279
12.958000 1.174608
12.963000 1.173937
12.968000 1.173267
12.973000 1.172598
12.978000 1.171930
12.983000 1.171262
12.988000 1.170595
12.993000 1.169929
12.998000 1.169263
13.003000 1.168598
13.008000 1.167934
13.013000 1.167271
13.018000 1.166608
13.023000 1.165946
13.028000 1.165285
13.033000 1.164624
13.038000 1.163965
13.043000 1.163306
13.048000 1.162647
13.053000 1.161990
13.058000 1.161333
13.063000 1.160676
13.068000 1.160021
13.073000 1.159366
13.078000 1.158712
13.083000 1.158059
13.088000 1.157406
13.093000 1.156754
13.098000 1.156103
13.103000 1.155452
13.108000 1.154802
13.113000 1.154153
13.118000 1.153505
13.123000 1.152857
13.128000 1.152210
13.133000 1.151564
13.138000 1.150918
13.143000 1.150273
13.148000 1.149629
13.153000 1.148985
13.158000 1.148342
13.163000 1.147700
13.168000 1.147059
13.173000 1.146418
13.178000 1.145778
13.183000 1.145138
13.188000 1.144499
13.193000 1.143861
13.198000 1.143224
13.203000 1.142587
13.208000 1.141951
13.213000 1.141316
13.218000 1.140681
13.223000 1.140047
13.228000 1.139414
13.233000 1.138781
13.238000 1.138149
13.243000 1.137518
13.248000 1.136887
13.253000 1.136257
13.258000 1.135628
13.263000 1.135000
13.268000 1.134372
13.273000 1.133744
13.278000 1.133118
13.283000 1.132492
13.288000 1.131867
13.293000 1.131242
13.298000 1.130618
13.303000 1.129995
13.308000 1.129372
13.313000 1.128751
13.318000 1.128129
13.323000 1.127509
13.328000 1.126889
13.333000 1.126269
13.338000 1.125651
13.343000 1.125033
13.348000 1.124416
13.353000 1.123799
13.358000 1.123183
13.363000 1.122568
13.368000 1.121953
13.373000 1.121339
13.378000 1.120725
13.383000 1.120113
13.388000 1.119501
13.393000 1.118889
13.398000 1.118278
13.403000 1.117668
13.408000 1.117059
13.413000 1.116450
13.418000 1.115842
13.423000 1.115234
13.428000 1.114627
13.433000 1.114021
13.438000 1.113415
13.443000 1.112810
13.448000 1.112206
13.453000 1.111602
13.458000 1.110999
13.463000 1.110396
13.468000 1.109795
13.473000 1.109193
13.478000 1.108593
13.483000 1.107993
13.488000 1.107394
13.493000 1.106795
13.498000 1.106197
13.503000 1.105599
13.508000 1.105003
13.513000 1.104406
13.518000 1.103811
13.523000 1.103216
13.528000 1.102622
13.533000 1.102028
13.538000 1.101435
13.543000 1.100842
13.548000 1.100251
13.553000 1.099659
13.558000 1.099069
13.563000 1.098479
13.568000 1.097890
13.573000 1.097301
13.578000 1.096713
13.583000 1.096125
13.588000 1.095538
13.593000 1.094952
13.598000 1.094366
13.603000 1.093781
13.608000 1.093197
13.613000 1.092613
13.618000 1.092030
13.623000 1.091447
13.628000 1.090865
13.633000 1.090284
13.638000 1.089703
13.643000 1.089123
13.648000 1.088543
13.653000 1.087964
13.658000 1.087386
13.663000 1.086808
13.668000 1.086231
13.673000 1.085654
13.678000 1.085078
13.683000 1.084503
13.688000 1.083928
13.693000 1.083354
13.698000 1.082781
13.703000 1.082208
13.708000 1.081635
13.713000 1.081063
13.718000 1.080492
13.723000 1.079921
13.728000 1.079351
13.733000 1.078782
13.738000 1.078213
13.743000 1.077645
13.748000 1.077077
13.753000 1.076510
13.758000 1.075943
13.763000 1.075378
13.768000 1.074812
13.773000 1.074247
13.778000 1.073683
13.783000 1.073120
13.788000 1.072557
13.793000 1.071994
13.798000 1.071432
13.803000 1.070871
13.808000 1.070310
13.813000 1.069750
13.818000 1.069191
13.823000 1.068632
13.828000 1.068073
13.833000 1.067515
13.838000 1.066958
13.843000 1.066401
13.848000 1.065845
13.853000 1.065290
13.858000 1.064735
13.863000 1.064180
13.868000 1.063627
13.873000 1.063073
13.878000 1.062521
13.883000 1.061968
13.888000 1.061417
13.893000 1.060866
13.898000 1.060315
13.903000 1.059766
13.908000 1.059216
13.913000 1.058667
13.918000 1.058119
13.923000 1.057572
13.928000 1.057025
13.933000 1.056478
13.938000 1.055932
13.943000 1.055387
13.948000 1.054842
13.953000 1.054298
13.958000 1.053754
13.963000 1.053211
13.968000 1.052668
13.973000 1.052126
13.978000 1.051584
13.983000 1.051043
13.988000 1.050503
13.993000 1.049961
13.998000 1.049395
14.003000 1.048830
14.008000 1.048265
14.013000 1.047701
14.018000 1.047137
14.023000 1.046574
14.028000 1.046012
14.033000 1.045450
14.038000 1.044888
14.043000 1.044328
14.048000 1.043767
14.053000 1.043208
14.058000 1.042649
14.063000 1.042090
14.068000 1.041532
14.073000 1.040974
14.078000 1.040418
14.083000 1.039861
14.088000 1.039305
14.093000 1.038750
14.098000 1.038196
14.103000 1.037641
14.108000 1.037088
14.113000 1.036535
14.118000 1.035982
14.123000 1.035430
14.128000 1.034879
14.133000 1.034328
14.138000 1.033778
14.143000 1.033228
14.148000 1.032679
14.153000 1.032131
14.158000 1.031583
14.163000 1.031035
14.168000 1.030488
14.173000 1.029942
14.178000 1.029396
14.183000 1.028850
14.188000 1.028306
14.193000 1.027761
14.198000 1.027218
14.203000 1.026674
14.208000 1.026132
14.213000 1.025590
14.218000 1.025048
14.223000 1.024507
14.228000 1.023967
14.233000 1.023427
14.238000 1.022887
14.243000 1.022348
14.248000 1.021810
14.253000 1.021272
14.258000 1.020735
14.263000 1.020198
14.268000 1.019662
14.273000 1.019126
14.278000 1.018591
14.283000 1.018056
14.288000 1.017522
14.293000 1.016989
14.298000 1.016456
14.303000 1.015923
14.308000 1.015391
14.313000 1.014860
14.318000 1.014329
14.323000 1.013798
14.328000 1.013268
14.333000 1.012739
14.338000 1.012210
14.343000 1.011682
14.348000 1.011154
14.353000 1.010627
14.358000 1.010100
14.363000 1.009573
14.368000 1.009048
14.373000 1.008522
14.378000 1.007998
14.383000 1.007474
14.388000 1.006950
14.393000 1.006427
14.398000 1.005904
14.403000 1.005382
14.408000 1.004860
14.413000 1.004339
14.418000 1.003818
14.423000 1.003298
14.428000 1.002779
14.433000 1.002260
14.438000 1.001741
14.443000 1.001223
14.448000 1.000705
14.453000 1.000188
14.458000 0.999672
14.463000 0.999156
14.468000 0.998640
14.473000 0.998125
14.478000 0.997611
14.483000 0.997096
14.488000 0.996583
14.493000 0.996070
14.498000 0.995557
14.503000 0.995045
14.508000 0.994534
14.513000 0.994023
14.518000 0.993512
14.523000 0.993002
14.528000 0.992493
14.533000 0.991983
14.538000 0.991475
14.543000 0.990967
14.548000 0.990459
14.553000 0.989952
14.558000 0.989446
14.563000 0.988939
14.568000 0.988434
14.573000 0.987929
14.578000 0.987424
14.583000 0.986920
14.588000 0.986416
14.593000 0.985913
14.598000 0.985410
14.603000 0.984908
14.608000 0.984406
14.613000 0.983905
14.618000 0.983404
14.623000 0.982904
14.628000 0.982404
14.633000 0.981905
14.638000 0.981406
14.643000 0.980908
14.648000 0.980410
14.653000 0.979913
14.658000 0.979416
14.663000 0.978919
14.668000 0.978423
14.673000 0.977928
14.678000 0.977433
14.683000 0.976939
14.688000 0.976444
14.693000 0.975951
14.698000 0.975458
14.703000 0.974965
14.708000 0.974473
14.713000 0.973981
14.718000 0.973490
14.723000 0.973000
14.728000 0.972509
14.733000 0.972020
14.738000 0.971530
14.743000 0.971041
14.748000 0.970553
14.753000 0.970065
14.758000 0.969578
14.763000 0.969091
14.768000 0.968604
14.773000 0.968118
14.778000 0.967633
14.783000 0.967148
14.788000 0.966663
14.793000 0.966179
14.798000 0.965695
14.803000 0.965212
14.808000 0.964729
14.813000 0.964247
14.818000 0.963765
14.823000 0.963283
14.828000 0.962802
14.833000 0.962322
14.838000 0.961842
14.843000 0.961362
14.848000 0.960883
14.853000 0.960405
14.858000 0.959926
14.863000 0.959449
14.868000 0.958971
14.873000 0.958494
14.878000 0.958018
14.883000 0.957542
14.888000 0.957067
14.893000 0.956592
14.898000 0.956117
14.903000 0.955643
14.908000 0.955169
14.913000 0.954696
14.918000 0.954223
14.923000 0.953751
14.928000 0.953279
14.933000 0.952807
14.938000 0.952336
14.943000 0.951866
14.948000 0.951396
14.953000 0.950926
14.958000 0.950457
14.963000 0.949988
14.968000 0.949520
14.973000 0.949052
14.978000 0.948585
14.983000 0.948118
14.988000 0.947651
14.993000 0.947185
14.998000 0.946719
15.003000 0.946254
15.008000 0.945789
15.013000 0.945325
15.018000 0.944861
15.023000 0.944397
15.028000 0.943934
15.033000 0.943472
15.038000 0.943010
15.043000 0.942548
15.048000 0.942086
15.053000 0.941626
15.058000 0.941165
15.063000 0.940705
15.068000 0.940246
15.073000 0.939786
15.078000 0.939328
15.083000 0.938869
15.088000 0.938412
15.093000 0.937954
15.098000 0.937497
15.103000 0.937041
15.108000 0.936584
15.113000 0.936129
15.118000 0.935673
15.123000 0.935219
15.128000 0.934764
15.133000 0.934310
15.138000 0.933857
15.143000 0.933403
15.148000 0.932951
15.153000 0.932498
15.158000 0.932046
15.163000 0.931595
15.168000 0.931144
15.173000 0.930693
15.178000 0.930243
15.183000 0.929793
15.188000 0.929344
15.193000 0.928895
15.198000 0.928446
15.203000 0.927998
15.208000 0.927551
15.213000 0.927103
15.218000 0.926657
15.223000 0.926210
15.228000 0.925764
15.233000 0.925318
15.238000 0.924873
15.243000 0.924428
15.248000 0.923984
15.253000 0.923540
15.258000 0.923097
15.263000 0.922653
15.268000 0.922211
15.273000 0.921768
15.278000 0.921327
15.283000 0.920885
15.288000 0.920444
15.293000 0.920003
15.298000 0.919563
15.303000 0.919123
15.308000 0.918684
15.313000 0.918245
15.318000 0.917806
15.323000 0.917368
15.328000 0.916930
15.333000 0.916493
15.338000 0.916056
15.343000 0.915619
15.348000 0.915183
15.353000 0.914747
15.358000 0.914312
15.363000 0.913877
15.368000 0.913442
15.373000 0.913008
15.378000 0.912574
15.383000 0.912141
15.388000 0.911708
15.393000 0.911275
15.398000 0.910843
15.403000 0.910411
15.408000 0.909980
15.413000 0.909549
15.418000 0.909118
15.423000 0.908688
15.428000 0.908258
15.433000 0.907828
15.438000 0.907399
15.443000 0.906971
15.448000 0.906543
15.453000 0.906115
15.458000 0.905687
15.463000 0.905260
15.468000 0.904834
15.473000 0.904407
15.478000 0.903981
15.483000 0.903556
15.488000 0.903131
15.493000 0.902706
15.498000 0.902282
15.503000 0.901858
15.508000 0.901434
15.513000 0.901011
15.518000 0.900588
15.523000 0.900166
15.528000 0.899744
15.533000 0.899322
15.538000 0.898901
15.543000 0.898480
15.548000 0.898060
15.553000 0.897640
15.558000 0.897220
15.563000 0.896801
15.568000 0.896382
15.573000 0.895963
15.578000 0.895545
15.583000 0.895127
15.588000 0.894710
15.593000 0.894293
15.598000 0.893876
15.603000 0.893460
15.608000 0.893044
15.613000 0.892628
15.618000 0.892213
15.623000 0.891798
15.628000 0.891384
15.633000 0.890970
15.638000 0.890556
15.643000 0.890143
15.648000 0.889730
15.653000 0.889318
15.658000 0.888906
15.663000 0.888494
15.668000 0.888082
15.673000 0.887671
15.678000 0.887261
15.683000 0.886851
15.688000 0.886441
15.693000 0.886031
15.698000 0.885622
15.703000 0.885213
15.708000 0.884805
15.713000 0.884397
15.718000 0.883989
15.723000 0.883582
15.728000 0.883175
15.733000 0.882768
15.738000 0.882362
15.743000 0.881956
15.748000 0.881551
15.753000 0.881146
15.758000 0.880741
15.763000 0.880336
15.768000 0.879932
15.773000 0.879529
15.778000 0.879126
15.783000 0.878723
15.788000 0.878320
15.793000 0.877918
15.798000 0.877516
15.803000 0.877115
15.808000 0.876713
15.813000 0.876313
15.818000 0.875912
15.823000 0.875512
15.828000 0.875113
15.833000 0.874713
15.838000 0.874314
15.843000 0.873916
15.848000 0.873518
15.853000 0.873120
15.858000 0.872722
15.863000 0.872325
15.868000 0.871928
15.873000 0.871532
15.878000 0.871136
15.883000 0.870740
15.888000 0.870344
15.893000 0.869949
15.898000 0.869555
15.903000 0.869150
15.908000 0.868737
15.913000 0.868325
15.918000 0.867914
15.923000 0.867503
15.928000 0.867092
15.933000 0.866681
15.938000 0.866271
15.943000 0.865861
15.948000 0.865452
15.953000 0.865043
15.958000 0.864634
15.963000 0.864226
15.968000 0.863818
15.973000 0.863410
15.978000 0.863003
15.983000 0.862596
15.988000 0.862190
15.993000 0.861783
15.998000 0.861378
16.003000 0.860972
16.008000 0.860567
16.013000 0.860162
16.018000 0.859758
16.023000 0.859354
16.028000 0.858950
16.033000 0.858547
16.038000 0.858144
16.043000 0.857741
16.048000 0.857339
16.053000 0.856937
16.058000 0.856536
16.063000 0.856134
16.068000 0.855733
16.073000 0.855333
16.078000 0.854933
16.083000 0.854533
16.088000 0.854134
16.093000 0.853735
16.098000 0.853336
16.103000 0.852937
16.108000 0.852539
16.113000 0.852142
16.118000 0.851744
16.123000 0.851347
16.128000 0.850951
16.133000 0.850554
16.138000 0.850158
16.143000 0.849763
16.148000 0.849367
16.153000 0.848973
16.158000 0.848578
16.163000 0.848184
16.168000 0.847790
16.173000 0.847396
16.178000 0.847003
16.183000 0.846610
16.188000 0.846218
16.193000 0.845826
16.198000 0.845434
16.203000 0.845042
16.208000 0.844651
16.213000 0.844260
16.218000 0.843870
16.223000 0.843480
16.228000 0.843090
16.233000 0.842700
16.238000 0.842311
16.243000 0.841923
16.248000 0.841534
16.253000 0.841146
16.258000 0.840758
16.263000 0.840371
16.268000 0.839984
16.273000 0.839597
16.278000 0.839211
16.283000 0.838824
16.288000 0.838439
16.293000 0.838053
16.298000 0.837668
16.303000 0.837283
16.308000 0.836899
16.313000 0.836515
16.318000 0.836131
16.323000 0.835748
16.328000 0.835365
16.333000 0.834982
16.338000 0.834600
16.343000 0.834217
16.348000 0.833836
16.353000 0.833454
16.358000 0.833073
16.363000 0.832692
16.368000 0.832312
16.373000 0.831932
16.378000 0.831552
16.383000 0.831173
16.388000 0.830793
16.393000 0.830415
16.398000 0.830036
16.403000 0.829658
16.408000 0.829280
16.413000 0.828903
16.418000 0.828525
16.423000 0.828149
16.428000 0.827772
16.433000 0.827396
16.438000 0.827020
16.443000 0.826644
16.448000 0.826269
16.453000 0.825894
16.458000 0.825520
16.463000 0.825145
16.468000 0.824771
16.473000 0.824398
16.478000 0.824024
16.483000 0.823652
16.488000 0.823279
16.493000 0.822906
16.498000 0.822534
16.503000 0.822163
16.508000 0.821791
16.513000 0.821420
16.518000 0.821049
16.523000 0.820679
16.528000 0.820309
16.533000 0.819939
16.538000 0.819570
16.543000 0.819200
16.548000 0.818832
16.553000 0.818463
16.558000 0.818095
16.563000 0.817727
16.568000 0.817359
16.573000 0.816992
16.578000 0.816625
16.583000 0.816258
16.588000 0.815892
16.593000 0.815526
16.598000 0.815160
16.603000 0.814795
16.608000 0.814430
16.613000 0.814065
16.618000 0.813700
16.623000 0.813336
16.628000 0.812972
16.633000 0.812609
16.638000 0.812245
16.643000 0.811883
16.648000 0.811520
16.653000 0.811158
16.658000 0.810796
16.663000 0.810434
16.668000 0.810072
16.673000 0.809711
16.678000 0.809351
16.683000 0.808990
16.688000 0.808630
16.693000 0.808270
16.698000 0.807910
16.703000 0.807551
16.708000 0.807192
16.713000 0.806834
16.718000 0.806475
16.723000 0.806117
16.728000 0.805759
16.733000 0.805402
16.738000 0.805045
16.743000 0.804688
16.748000 0.804331
16.753000 0.803975
16.758000 0.803619
16.763000 0.803264
16.768000 0.802908
16.773000 0.802553
16.778000 0.802198
16.783000 0.801844
16.788000 0.801490
16.793000 0.801136
16.798000 0.800782
16.803000 0.800429
16.808000 0.800076
16.813000 0.799724
16.818000 0.799371
16.823000 0.799019
16.828000 0.798667
16.833000 0.798316
16.838000 0.797965
16.843000 0.797614
16.848000 0.797263
16.853000 0.796913
16.858000 0.796563
16.863000 0.796213
16.868000 0.795864
16.873000 0.795515
16.878000 0.795166
16.883000 0.794817
16.888000 0.794469
16.893000 0.794121
16.898000 0.793774
16.903000 0.793426
16.908000 0.793079
16.913000 0.792732
16.918000 0.792386
16.923000 0.792040
16.928000 0.791694
16.933000 0.791348
16.938000 0.791003
16.943000 0.790658
16.948000 0.790313
16.953000 0.789968
16.958000 0.789624
16.963000 0.789280
16.968000 0.788937
16.973000 0.788593
16.978000 0.788250
16.983000 0.787908
16.988000 0.787565
16.993000 0.787223
16.998000 0.786881
17.003000 0.786539
17.008000 0.786198
17.013000 0.785857
17.018000 0.785516
17.023000 0.785176
17.028000 0.784836
17.033000 0.784496
17.038000 0.784156
17.043000 0.783817
17.048000 0.783478
17.053000 0.783139
17.058000 0.782800
17.063000 0.782462
17.068000 0.782124
17.073000 0.781787
17.078000 0.781449
17.083000 0.781112
17.088000 0.780775
17.093000 0.780439
17.098000 0.780103
17.103000 0.779767
17.108000 0.779431
17.113000 0.779095
17.118000 0.778760
17.123000 0.778425
17.128000 0.778091
17.133000 0.777756
17.138000 0.777422
17.143000 0.777089
17.148000 0.776755
17.153000 0.776422
17.158000 0.776089
17.163000 0.775756
17.168000 0.775424
17.173000 0.775092
17.178000 0.774760
17.183000 0.774428
17.188000 0.774097
17.193000 0.773766
17.198000 0.773435
17.203000 0.773105
17.208000 0.772775
17.213000 0.772445
17.218000 0.772115
17.223000 0.771786
17.228000 0.771457
17.233000 0.771128
17.238000 0.770799
17.243000 0.770471
17.248000 0.770143
17.253000 0.769815
17.258000 0.769488
17.263000 0.769160
17.268000 0.768833
17.273000 0.768507
17.278000 0.768180
17.283000 0.767854
17.288000 0.767528
17.293000 0.767203
17.298000 0.766877
17.303000 0.766552
17.308000 0.766227
17.313000 0.765903
17.318000 0.765578
17.323000 0.765254
17.328000 0.764931
17.333000 0.764607
17.338000 0.764284
17.343000 0.763961
17.348000 0.763638
17.353000 0.763316
17.358000 0.762994
17.363000 0.762672
17.368000 0.762350
17.373000 0.762029
17.378000 0.761708
