0.003000 0.722083
0.008000 1.143097
0.013000 1.333752
0.018000 1.561820
0.023000 1.540338
0.028000 1.481283
0.033000 1.421746
0.038000 1.363704
0.043000 1.307601
0.048000 1.258583
0.053000 1.205270
0.058000 1.160022
0.063000 1.121785
0.068000 1.086111
0.073000 1.059142
0.078000 1.032401
0.083000 1.013309
0.088000 0.995585
0.093000 0.977965
0.098000 0.967627
0.103000 0.958433
0.108000 0.949269
0.113000 0.940134
0.118000 0.931028
0.123000 0.925374
0.128000 0.921094
0.133000 0.916821
0.138000 0.912555
0.143000 0.908295
0.148000 0.904042
0.153000 0.899796
0.158000 0.895556
0.163000 0.891323
0.168000 0.887097
0.173000 0.882877
0.178000 0.878811
0.183000 0.874806
0.188000 0.870807
0.193000 0.866814
0.198000 0.862828
0.203000 0.858848
0.208000 0.854873
0.213000 0.850905
0.218000 0.846943
0.223000 0.842988
0.228000 0.839038
0.233000 0.834864
0.238000 0.829546
0.243000 0.824239
0.248000 0.818943
0.253000 0.813658
0.258000 0.808385
0.263000 0.803124
0.268000 0.797823
0.273000 0.791350
0.278000 0.784895
0.283000 0.778458
0.288000 0.772039
0.293000 0.765309
0.298000 0.757902
0.303000 0.750518
0.308000 0.743159
0.313000 0.735824
0.318000 0.727725
0.323000 0.719588
0.328000 0.711482
0.333000 0.703406
0.338000 0.695375
0.343000 0.687376
0.348000 0.679445
0.353000 0.671907
0.358000 0.664397
0.363000 0.657261
0.368000 0.650164
0.373000 0.643093
0.378000 0.636506
0.383000 0.630366
0.388000 0.624245
0.393000 0.618144
0.398000 0.612063
0.403000 0.606298
0.408000 0.601091
0.413000 0.595899
0.418000 0.590722
0.423000 0.585560
0.428000 0.580413
0.433000 0.575697
0.438000 0.571214
0.443000 0.566742
0.448000 0.562282
0.453000 0.557834
0.458000 0.553398
0.463000 0.549198
0.468000 0.545497
0.473000 0.541804
0.478000 0.538119
0.483000 0.534443
0.488000 0.530775
0.493000 0.527116
0.498000 0.523608
0.503000 0.520400
0.508000 0.517198
0.513000 0.514003
0.518000 0.510815
0.523000 0.507633
0.528000 0.504458
0.533000 0.501289
0.538000 0.498410
0.543000 0.495715
0.548000 0.493024
0.553000 0.490338
0.558000 0.487657
0.563000 0.484981
0.568000 0.482309
0.573000 0.479643
0.578000 0.477027
0.583000 0.474767
0.588000 0.472511
0.593000 0.470258
0.598000 0.468009
0.603000 0.465764
0.608000 0.463522
0.613000 0.461284
0.618000 0.459049
0.623000 0.456818
0.628000 0.454764
0.633000 0.452784
0.638000 0.450806
0.643000 0.448832
0.648000 0.446860
0.653000 0.444891
0.658000 0.442926
0.663000 0.440963
0.668000 0.439003
0.673000 0.437045
0.678000 0.435208
0.683000 0.433559
0.688000 0.431913
0.693000 0.430269
0.698000 0.428627
0.703000 0.426987
0.708000 0.425349
0.713000 0.423714
0.718000 0.422080
0.723000 0.420449
0.728000 0.418819
0.733000 0.417192
0.738000 0.415741
0.743000 0.414326
0.748000 0.412913
0.753000 0.411502
0.758000 0.410092
0.763000 0.408684
0.768000 0.407277
0.773000 0.405872
0.778000 0.404469
0.783000 0.403067
0.788000 0.401667
0.793000 0.400268
0.798000 0.398891
0.803000 0.397675
0.808000 0.396460
0.813000 0.395246
0.818000 0.394034
0.823000 0.392822
0.828000 0.391612
0.833000 0.390404
0.838000 0.389196
0.843000 0.387990
0.848000 0.386785
0.853000 0.385581
0.858000 0.384378
0.863000 0.383177
0.868000 0.381984
0.873000 0.380942
0.878000 0.379902
0.883000 0.378862
0.888000 0.377823
0.893000 0.376785
0.898000 0.375747
0.903000 0.374711
0.908000 0.373676
0.913000 0.372642
0.918000 0.371609
0.923000 0.370576
0.928000 0.369545
0.933000 0.368515
0.938000 0.367485
0.943000 0.366457
0.948000 0.365467
0.953000 0.364582
0.958000 0.363698
0.963000 0.362814
0.968000 0.361932
0.973000 0.361049
0.978000 0.360168
0.983000 0.359288
0.988000 0.358408
0.993000 0.357528
0.998000 0.356650
1.003000 0.355772
1.008000 0.354895
1.013000 0.354019
1.018000 0.353143
1.023000 0.352269
1.028000 0.351394
1.033000 0.350521
1.038000 0.349722
1.043000 0.348968
1.048000 0.348215
1.053000 0.347463
1.058000 0.346711
1.063000 0.345960
1.068000 0.345209
1.073000 0.344459
1.078000 0.343709
1.083000 0.342960
1.088000 0.342211
1.093000 0.341463
1.098000 0.340715
1.103000 0.339968
1.108000 0.339222
1.113000 0.338476
1.118000 0.337731
1.123000 0.336986
1.128000 0.336241
1.133000 0.335498
1.138000 0.334806
1.143000 0.334157
1.148000 0.333508
1.153000 0.332860
1.158000 0.332212
1.163000 0.331564
1.168000 0.330917
1.173000 0.330271
1.178000 0.329624
1.183000 0.328979
1.188000 0.328333
1.193000 0.327688
1.198000 0.327044
1.203000 0.326400
1.208000 0.325756
1.213000 0.325113
1.218000 0.324470
1.223000 0.323828
1.228000 0.323186
1.233000 0.322544
1.238000 0.321903
1.243000 0.321263
1.248000 0.320622
1.253000 0.320001
1.258000 0.319450
1.263000 0.318900
1.268000 0.318350
1.273000 0.317801
1.278000 0.317252
1.283000 0.316703
1.288000 0.316154
1.293000 0.315606
1.298000 0.315058
1.303000 0.314511
1.308000 0.313963
1.313000 0.313416
1.318000 0.312870
1.323000 0.312324
1.328000 0.311778
1.333000 0.311232
1.338000 0.310687
1.343000 0.310142
1.348000 0.309597
1.353000 0.309052
1.358000 0.308508
1.363000 0.307965
1.368000 0.307421
1.373000 0.306878
1.378000 0.306335
1.383000 0.305793
1.388000 0.305251
1.393000 0.304775
1.398000 0.304305
1.403000 0.303835
1.408000 0.303365
1.413000 0.302895
1.418000 0.302426
1.423000 0.301957
1.428000 0.301488
1.433000 0.301020
1.438000 0.300551
1.443000 0.300083
1.448000 0.299615
1.453000 0.299148
1.458000 0.298680
1.463000 0.298213
1.468000 0.297746
1.473000 0.297280
1.478000 0.296813
1.483000 0.296347
1.488000 0.295881
1.493000 0.295416
1.498000 0.294950
1.503000 0.294485
1.508000 0.294020
1.513000 0.293555
1.518000 0.293091
1.523000 0.292627
1.528000 0.292163
1.533000 0.291699
1.538000 0.291236
1.543000 0.290773
1.548000 0.290310
1.553000 0.289870
1.558000 0.289475
1.563000 0.289080
1.568000 0.288686
1.573000 0.288291
1.578000 0.287897
1.583000 0.287503
1.588000 0.287110
1.593000 0.286716
1.598000 0.286323
1.603000 0.285929
1.608000 0.285536
1.613000 0.285143
1.618000 0.284751
1.623000 0.284358
1.628000 0.283966
1.633000 0.283574
1.638000 0.283182
1.643000 0.282790
1.648000 0.282398
1.653000 0.282007
1.658000 0.281616
1.663000 0.281225
1.668000 0.280834
1.673000 0.280443
1.678000 0.280052
1.683000 0.279662
1.688000 0.279272
1.693000 0.278882
1.698000 0.278492
1.703000 0.278103
1.708000 0.277713
1.713000 0.277324
1.718000 0.276935
1.723000 0.276546
1.728000 0.276157
1.733000 0.275769
1.738000 0.275380
1.743000 0.274992
1.748000 0.274610
1.753000 0.274276
1.758000 0.273942
1.763000 0.273607
1.768000 0.273273
1.773000 0.272939
1.778000 0.272606
1.783000 0.272272
1.788000 0.271939
1.793000 0.271605
1.798000 0.271272
1.803000 0.270939
1.808000 0.270606
1.813000 0.270273
1.818000 0.269940
1.823000 0.269608
1.828000 0.269275
1.833000 0.268943
1.838000 0.268611
1.843000 0.268279
1.848000 0.267947
1.853000 0.267615
1.858000 0.267284
1.863000 0.266952
1.868000 0.266621
1.873000 0.266290
1.878000 0.265959
1.883000 0.265628
1.888000 0.265297
1.893000 0.264967
1.898000 0.264636
1.903000 0.264306
1.908000 0.263976
1.913000 0.263645
1.918000 0.263316
1.923000 0.262986
1.928000 0.262656
1.933000 0.262327
1.938000 0.261997
1.943000 0.261668
1.948000 0.261339
1.953000 0.261010
1.958000 0.260681
1.963000 0.260352
1.968000 0.260024
1.973000 0.259695
1.978000 0.259367
1.983000 0.259058
1.988000 0.258779
1.993000 0.258500
1.998000 0.258221
2.003000 0.257942
2.008000 0.257663
2.013000 0.257385
2.018000 0.257106
2.023000 0.256828
2.028000 0.256550
2.033000 0.256272
2.038000 0.255994
2.043000 0.255716
2.048000 0.255438
2.053000 0.255160
2.058000 0.254882
2.063000 0.254605
2.068000 0.254327
2.073000 0.254050
2.078000 0.253773
2.083000 0.253496
2.088000 0.253218
2.093000 0.252942
2.098000 0.252665
2.103000 0.252388
2.108000 0.252111
2.113000 0.251835
2.118000 0.251558
2.123000 0.251282
2.128000 0.251006
2.133000 0.250730
2.138000 0.250454
2.143000 0.250178
2.148000 0.249902
2.153000 0.249626
2.158000 0.249350
2.163000 0.249075
2.168000 0.248799
2.173000 0.248524
2.178000 0.248249
2.183000 0.247974
2.188000 0.247699
2.193000 0.247424
2.198000 0.247149
2.203000 0.246874
2.208000 0.246600
2.213000 0.246325
2.218000 0.246051
2.223000 0.245776
2.228000 0.245502
2.233000 0.245228
2.238000 0.244954
2.243000 0.244680
2.248000 0.244406
2.253000 0.244133
2.258000 0.243869
2.263000 0.243638
2.268000 0.243407
2.273000 0.243176
2.278000 0.242946
2.283000 0.242715
2.288000 0.242484
2.293000 0.242254
2.298000 0.242023
2.303000 0.241793
2.308000 0.241563
2.313000 0.241332
2.318000 0.241102
2.323000 0.240872
2.328000 0.240642
2.333000 0.240412
2.338000 0.240182
2.343000 0.239953
2.348000 0.239723
2.353000 0.239493
2.358000 0.239264
2.363000 0.239034
2.368000 0.238805
2.373000 0.238575
2.378000 0.238346
2.383000 0.238117
2.388000 0.237888
2.393000 0.237659
2.398000 0.237430
2.403000 0.237201
2.408000 0.236972
2.413000 0.236743
2.418000 0.236515
2.423000 0.236286
2.428000 0.236057
2.433000 0.235829
2.438000 0.235601
2.443000 0.235372
2.448000 0.235144
2.453000 0.234916
2.458000 0.234688
2.463000 0.234460
2.468000 0.234232
2.473000 0.234004
2.478000 0.233776
2.483000 0.233548
2.488000 0.233321
2.493000 0.233093
2.498000 0.232866
2.503000 0.232638
2.508000 0.232411
2.513000 0.232184
2.518000 0.231956
2.523000 0.231729
2.528000 0.231502
2.533000 0.231275
2.538000 0.231048
2.543000 0.230822
2.548000 0.230595
2.553000 0.230368
2.558000 0.230141
2.563000 0.229915
2.568000 0.229688
2.573000 0.229462
2.578000 0.229252
2.583000 0.229061
2.588000 0.228870
2.593000 0.228679
2.598000 0.228488
2.603000 0.228298
2.608000 0.228107
2.613000 0.227916
2.618000 0.227726
2.623000 0.227535
2.628000 0.227345
2.633000 0.227154
2.638000 0.226964
2.643000 0.226774
2.648000 0.226583
2.653000 0.226393
2.658000 0.226203
2.663000 0.226013
2.668000 0.225823
2.673000 0.225633
2.678000 0.225443
2.683000 0.225253
2.688000 0.225063
2.693000 0.224874
2.698000 0.224684
2.703000 0.224494
2.708000 0.224305
2.713000 0.224115
2.718000 0.223925
2.723000 0.223736
2.728000 0.223547
2.733000 0.223357
2.738000 0.223168
2.743000 0.222979
2.748000 0.222790
2.753000 0.222600
2.758000 0.222411
2.763000 0.222222
2.768000 0.222033
2.773000 0.221844
2.778000 0.221656
2.783000 0.221467
2.788000 0.221278
2.793000 0.221089
2.798000 0.220901
2.803000 0.220712
2.808000 0.220523
2.813000 0.220335
2.818000 0.220147
2.823000 0.219958
2.828000 0.219770
2.833000 0.219582
2.838000 0.219393
2.843000 0.219205
2.848000 0.219017
2.853000 0.218829
2.858000 0.218641
2.863000 0.218453
2.868000 0.218265
2.873000 0.218077
2.878000 0.217890
2.883000 0.217702
2.888000 0.217514
2.893000 0.217326
2.898000 0.217139
2.903000 0.216951
2.908000 0.216764
2.913000 0.216576
2.918000 0.216389
2.923000 0.216202
2.928000 0.216015
2.933000 0.215827
2.938000 0.215640
2.943000 0.215468
2.948000 0.215310
2.953000 0.215152
2.958000 0.214993
2.963000 0.214835
2.968000 0.214677
2.973000 0.214519
2.978000 0.214361
2.983000 0.214203
2.988000 0.214045
2.993000 0.213887
2.998000 0.213729
3.003000 0.213571
3.008000 0.213413
3.013000 0.213255
3.018000 0.213097
3.023000 0.212940
3.028000 0.212782
3.033000 0.212624
3.038000 0.212467
3.043000 0.212309
3.048000 0.212151
3.053000 0.211994
3.058000 0.211836
3.063000 0.211679
3.068000 0.211521
3.073000 0.211364
3.078000 0.211207
3.083000 0.211049
3.088000 0.210892
3.093000 0.210735
3.098000 0.210578
3.103000 0.210421
3.108000 0.210264
3.113000 0.210107
3.118000 0.209950
3.123000 0.209793
3.128000 0.209636
3.133000 0.209479
3.138000 0.209322
3.143000 0.209165
3.148000 0.209008
3.153000 0.208852
3.158000 0.208695
3.163000 0.208538
3.168000 0.208382
3.173000 0.208225
3.178000 0.208068
3.183000 0.207912
3.188000 0.207755
3.193000 0.207599
3.198000 0.207443
3.203000 0.207286
3.208000 0.207130
3.213000 0.206974
3.218000 0.206817
3.223000 0.206661
3.228000 0.206505
3.233000 0.206349
3.238000 0.206193
3.243000 0.206037
3.248000 0.205881
3.253000 0.205725
3.258000 0.205569
3.263000 0.205413
3.268000 0.205257
3.273000 0.205102
3.278000 0.204946
3.283000 0.204790
3.288000 0.204634
3.293000 0.204479
3.298000 0.204323
3.303000 0.204168
3.308000 0.204012
3.313000 0.203857
3.318000 0.203701
3.323000 0.203546
3.328000 0.203390
3.333000 0.203235
3.338000 0.203080
3.343000 0.202925
3.348000 0.202769
3.353000 0.202614
3.358000 0.202459
3.363000 0.202326
3.368000 0.202195
3.373000 0.202063
3.378000 0.201931
3.383000 0.201799
3.388000 0.201667
3.393000 0.201536
3.398000 0.201404
3.403000 0.201272
3.408000 0.201141
3.413000 0.201009
3.418000 0.200878
3.423000 0.200746
3.428000 0.200615
3.433000 0.200483
3.438000 0.200352
3.443000 0.200220
3.448000 0.200089
3.453000 0.199957
3.458000 0.199826
3.463000 0.199695
3.468000 0.199563
3.473000 0.199432
3.478000 0.199301
3.483000 0.199170
3.488000 0.199039
3.493000 0.198907
3.498000 0.198776
3.503000 0.198645
3.508000 0.198514
3.513000 0.198383
3.518000 0.198252
3.523000 0.198121
3.528000 0.197990
3.533000 0.197859
3.538000 0.197729
3.543000 0.197598
3.548000 0.197467
3.553000 0.197336
3.558000 0.197205
3.563000 0.197075
3.568000 0.196944
3.573000 0.196813
3.578000 0.196683
3.583000 0.196552
3.588000 0.196421
3.593000 0.196291
3.598000 0.196160
3.603000 0.196030
3.608000 0.195899
3.613000 0.195769
3.618000 0.195638
3.623000 0.195508
3.628000 0.195378
3.633000 0.195247
3.638000 0.195117
3.643000 0.194987
3.648000 0.194857
3.653000 0.194726
3.658000 0.194596
3.663000 0.194466
3.668000 0.194336
3.673000 0.194206
3.678000 0.194076
3.683000 0.193946
3.688000 0.193816
3.693000 0.193686
3.698000 0.193556
3.703000 0.193426
3.708000 0.193296
3.713000 0.193166
3.718000 0.193036
3.723000 0.192906
3.728000 0.192777
3.733000 0.192647
3.738000 0.192517
3.743000 0.192387
3.748000 0.192258
3.753000 0.192128
3.758000 0.191999
3.763000 0.191869
3.768000 0.191739
3.773000 0.191610
3.778000 0.191480
3.783000 0.191351
3.788000 0.191222
3.793000 0.191092
3.798000 0.190963
3.803000 0.190833
3.808000 0.190704
3.813000 0.190575
3.818000 0.190446
3.823000 0.190316
3.828000 0.190187
3.833000 0.190058
3.838000 0.189944
3.843000 0.189837
3.848000 0.189729
3.853000 0.189621
3.858000 0.189514
3.863000 0.189406
3.868000 0.189299
3.873000 0.189191
3.878000 0.189084
3.883000 0.188976
3.888000 0.188869
3.893000 0.188761
3.898000 0.188654
3.903000 0.188547
3.908000 0.188439
3.913000 0.188332
3.918000 0.188224
3.923000 0.188117
3.928000 0.188010
3.933000 0.187903
3.938000 0.187795
3.943000 0.187688
3.948000 0.187581
3.953000 0.187474
3.958000 0.187367
3.963000 0.187259
3.968000 0.187152
3.973000 0.187045
3.978000 0.186938
3.983000 0.186831
3.988000 0.186724
3.993000 0.186617
3.998000 0.186510
4.003000 0.186403
4.008000 0.186296
4.013000 0.186189
4.018000 0.186082
4.023000 0.185975
4.028000 0.185868
4.033000 0.185761
4.038000 0.185655
4.043000 0.185548
4.048000 0.185441
4.053000 0.185334
4.058000 0.185227
4.063000 0.185121
4.068000 0.185014
4.073000 0.184907
4.078000 0.184801
4.083000 0.184694
4.088000 0.184587
4.093000 0.184481
4.098000 0.184374
4.103000 0.184267
4.108000 0.184161
4.113000 0.184054
4.118000 0.183948
4.123000 0.183841
4.128000 0.183735
4.133000 0.183628
4.138000 0.183522
4.143000 0.183416
4.148000 0.183309
4.153000 0.183203
4.158000 0.183097
4.163000 0.182990
4.168000 0.182884
4.173000 0.182778
4.178000 0.182671
4.183000 0.182565
4.188000 0.182459
4.193000 0.182353
4.198000 0.182246
4.203000 0.182140
4.208000 0.182034
4.213000 0.181928
4.218000 0.181822
4.223000 0.181716
4.228000 0.181610
4.233000 0.181504
4.238000 0.181398
4.243000 0.181292
4.248000 0.181186
4.253000 0.181080
4.258000 0.180974
4.263000 0.180868
4.268000 0.180762
4.273000 0.180656
4.278000 0.180550
4.283000 0.180444
4.288000 0.180339
4.293000 0.180233
4.298000 0.180127
4.303000 0.180021
4.308000 0.179916
4.313000 0.179810
4.318000 0.179704
4.323000 0.179599
4.328000 0.179493
4.333000 0.179387
4.338000 0.179282
4.343000 0.179176
4.348000 0.179071
4.353000 0.178965
4.358000 0.178859
4.363000 0.178754
4.368000 0.178648
4.373000 0.178543
4.378000 0.178443
4.383000 0.178353
4.388000 0.178263
4.393000 0.178173
4.398000 0.178083
4.403000 0.177993
4.408000 0.177903
4.413000 0.177813
4.418000 0.177723
4.423000 0.177634
4.428000 0.177544
4.433000 0.177454
4.438000 0.177364
4.443000 0.177274
4.448000 0.177184
4.453000 0.177095
4.458000 0.177005
4.463000 0.176915
4.468000 0.176825
4.473000 0.176736
4.478000 0.176646
4.483000 0.176556
4.488000 0.176467
4.493000 0.176377
4.498000 0.176287
4.503000 0.176198
4.508000 0.176108
4.513000 0.176018
4.518000 0.175929
4.523000 0.175839
4.528000 0.175750
4.533000 0.175660
4.538000 0.175571
4.543000 0.175481
4.548000 0.175392
4.553000 0.175302
4.558000 0.175213
4.563000 0.175123
4.568000 0.175034
4.573000 0.174944
4.578000 0.174855
4.583000 0.174765
4.588000 0.174676
4.593000 0.174587
4.598000 0.174497
4.603000 0.174408
4.608000 0.174319
4.613000 0.174229
4.618000 0.174140
4.623000 0.174051
4.628000 0.173962
4.633000 0.173872
4.638000 0.173783
4.643000 0.173694
4.648000 0.173605
4.653000 0.173516
4.658000 0.173426
4.663000 0.173337
4.668000 0.173248
4.673000 0.173159
4.678000 0.173070
4.683000 0.172981
4.688000 0.172892
4.693000 0.172803
4.698000 0.172714
4.703000 0.172625
4.708000 0.172536
4.713000 0.172447
4.718000 0.172358
4.723000 0.172269
4.728000 0.172180
4.733000 0.172091
4.738000 0.172002
4.743000 0.171913
4.748000 0.171824
4.753000 0.171735
4.758000 0.171646
4.763000 0.171558
4.768000 0.171469
4.773000 0.171380
4.778000 0.171291
4.783000 0.171202
4.788000 0.171114
4.793000 0.171025
4.798000 0.170936
4.803000 0.170847
4.808000 0.170759
4.813000 0.170670
4.818000 0.170581
4.823000 0.170493
4.828000 0.170404
4.833000 0.170315
4.838000 0.170227
4.843000 0.170138
4.848000 0.170050
4.853000 0.169961
4.858000 0.169873
4.863000 0.169784
4.868000 0.169695
4.873000 0.169607
4.878000 0.169518
4.883000 0.169430
4.888000 0.169342
4.893000 0.169253
4.898000 0.169165
4.903000 0.169076
4.908000 0.168988
4.913000 0.168899
4.918000 0.168811
4.923000 0.168723
4.928000 0.168634
4.933000 0.168546
4.938000 0.168458
4.943000 0.168370
4.948000 0.168281
4.953000 0.168193
4.958000 0.168105
4.963000 0.168017
4.968000 0.167928
4.973000 0.167840
4.978000 0.167752
4.983000 0.167664
4.988000 0.167580
4.993000 0.167505
4.998000 0.167430
5.003000 0.167356
5.008000 0.167281
5.013000 0.167207
5.018000 0.167132
5.023000 0.167058
5.028000 0.166983
5.033000 0.166909
5.038000 0.166834
5.043000 0.166760
5.048000 0.166685
5.053000 0.166611
5.058000 0.166536
5.063000 0.166462
5.068000 0.166387
5.073000 0.166313
5.078000 0.166239
5.083000 0.166164
5.088000 0.166090
5.093000 0.166015
5.098000 0.165941
5.103000 0.165867
5.108000 0.165792
5.113000 0.165718
5.118000 0.165644
5.123000 0.165569
5.128000 0.165495
5.133000 0.165421
5.138000 0.165347
5.143000 0.165272
5.148000 0.165198
5.153000 0.165124
5.158000 0.165050
5.163000 0.164975
5.168000 0.164901
5.173000 0.164827
5.178000 0.164753
5.183000 0.164679
5.188000 0.164604
5.193000 0.164530
5.198000 0.164456
5.203000 0.164382
5.208000 0.164308
5.213000 0.164234
5.218000 0.164160
5.223000 0.164086
5.228000 0.164012
5.233000 0.163937
5.238000 0.163863
5.243000 0.163789
5.248000 0.163715
5.253000 0.163641
5.258000 0.163567
5.263000 0.163493
5.268000 0.163419
5.273000 0.163345
5.278000 0.163271
5.283000 0.163197
5.288000 0.163124
5.293000 0.163050
5.298000 0.162976
5.303000 0.162902
5.308000 0.162828
5.313000 0.162754
5.318000 0.162680
5.323000 0.162606
5.328000 0.162532
5.333000 0.162459
5.338000 0.162385
5.343000 0.162311
5.348000 0.162237
5.353000 0.162163
5.358000 0.162090
5.363000 0.162016
5.368000 0.161942
5.373000 0.161868
5.378000 0.161795
5.383000 0.161721
5.388000 0.161647
5.393000 0.161573
5.398000 0.161500
5.403000 0.161426
5.408000 0.161352
5.413000 0.161279
5.418000 0.161205
5.423000 0.161131
5.428000 0.161058
5.433000 0.160984
5.438000 0.160911
5.443000 0.160837
5.448000 0.160763
5.453000 0.160690
5.458000 0.160616
5.463000 0.160543
5.468000 0.160469
5.473000 0.160396
5.478000 0.160322
5.483000 0.160249
5.488000 0.160175
5.493000 0.160102
5.498000 0.160028
5.503000 0.159955
5.508000 0.159881
5.513000 0.159808
5.518000 0.159734
5.523000 0.159661
5.528000 0.159588
5.533000 0.159514
5.538000 0.159441
5.543000 0.159368
5.548000 0.159294
5.553000 0.159221
5.558000 0.159147
5.563000 0.159074
5.568000 0.159001
5.573000 0.158928
5.578000 0.158854
5.583000 0.158781
5.588000 0.158708
5.593000 0.158634
5.598000 0.158561
5.603000 0.158488
5.608000 0.158415
5.613000 0.158342
5.618000 0.158268
5.623000 0.158195
5.628000 0.158122
5.633000 0.158049
5.638000 0.157976
5.643000 0.157903
5.648000 0.157829
5.653000 0.157756
5.658000 0.157683
5.663000 0.157610
5.668000 0.157537
5.673000 0.157464
5.678000 0.157391
5.683000 0.157329
5.688000 0.157268
5.693000 0.157206
5.698000 0.157145
5.703000 0.157083
5.708000 0.157022
5.713000 0.156960
5.718000 0.156899
5.723000 0.156837
5.728000 0.156776
5.733000 0.156714
5.738000 0.156653
5.743000 0.156592
5.748000 0.156530
5.753000 0.156469
5.758000 0.156407
5.763000 0.156346
5.768000 0.156285
5.773000 0.156223
5.778000 0.156162
5.783000 0.156100
5.788000 0.156039
5.793000 0.155978
5.798000 0.155916
5.803000 0.155855
5.808000 0.155794
5.813000 0.155732
5.818000 0.155671
5.823000 0.155610
5.828000 0.155549
5.833000 0.155487
5.838000 0.155426
5.843000 0.155365
5.848000 0.155304
5.853000 0.155242
5.858000 0.155181
5.863000 0.155120
5.868000 0.155059
5.873000 0.154997
5.878000 0.154936
5.883000 0.154875
5.888000 0.154814
5.893000 0.154753
5.898000 0.154691
5.903000 0.154630
5.908000 0.154569
5.913000 0.154508
5.918000 0.154447
5.923000 0.154386
5.928000 0.154325
5.933000 0.154263
5.938000 0.154202
5.943000 0.154141
5.948000 0.154080
5.953000 0.154019
5.958000 0.153958
5.963000 0.153897
5.968000 0.153836
5.973000 0.153775
5.978000 0.153714
5.983000 0.153653
5.988000 0.153592
5.993000 0.153531
5.998000 0.153470
6.003000 0.153409
6.008000 0.153348
6.013000 0.153287
6.018000 0.153226
6.023000 0.153165
6.028000 0.153104
6.033000 0.153043
6.038000 0.152982
6.043000 0.152921
6.048000 0.152860
6.053000 0.152799
6.058000 0.152738
6.063000 0.152677
6.068000 0.152616
6.073000 0.152555
6.078000 0.152494
6.083000 0.152434
6.088000 0.152373
6.093000 0.152312
6.098000 0.152251
6.103000 0.152190
6.108000 0.152129
6.113000 0.152068
6.118000 0.152008
6.123000 0.151947
6.128000 0.151886
6.133000 0.151825
6.138000 0.151764
6.143000 0.151704
6.148000 0.151643
6.153000 0.151582
6.158000 0.151521
6.163000 0.151461
6.168000 0.151400
6.173000 0.151339
6.178000 0.151278
6.183000 0.151218
6.188000 0.151157
6.193000 0.151096
6.198000 0.151036
6.203000 0.150975
6.208000 0.150914
6.213000 0.150854
6.218000 0.150793
6.223000 0.150732
6.228000 0.150672
6.233000 0.150611
6.238000 0.150550
6.243000 0.150490
6.248000 0.150429
6.253000 0.150369
6.258000 0.150308
6.263000 0.150247
6.268000 0.150187
6.273000 0.150126
6.278000 0.150066
6.283000 0.150005
6.288000 0.149945
6.293000 0.149884
6.298000 0.149824
6.303000 0.149763
6.308000 0.149702
6.313000 0.149642
6.318000 0.149581
6.323000 0.149521
6.328000 0.149461
6.333000 0.149400
6.338000 0.149340
6.343000 0.149279
6.348000 0.149219
6.353000 0.149158
6.358000 0.149098
6.363000 0.149037
6.368000 0.148977
6.373000 0.148917
6.378000 0.148856
6.383000 0.148796
6.388000 0.148735
6.393000 0.148675
6.398000 0.148615
6.403000 0.148554
6.408000 0.148494
6.413000 0.148434
6.418000 0.148373
6.423000 0.148313
6.428000 0.148253
6.433000 0.148192
6.438000 0.148132
6.443000 0.148072
6.448000 0.148011
6.453000 0.147951
6.458000 0.147891
6.463000 0.147831
6.468000 0.147775
6.473000 0.147724
6.478000 0.147674
6.483000 0.147623
6.488000 0.147572
6.493000 0.147521
6.498000 0.147470
6.503000 0.147419
6.508000 0.147369
6.513000 0.147318
6.518000 0.147267
6.523000 0.147216
6.528000 0.147166
6.533000 0.147115
6.538000 0.147064
6.543000 0.147013
6.548000 0.146963
6.553000 0.146912
6.558000 0.146861
6.563000 0.146810
6.568000 0.146760
6.573000 0.146709
6.578000 0.146658
6.583000 0.146608
6.588000 0.146557
6.593000 0.146506
6.598000 0.146455
6.603000 0.146405
6.608000 0.146354
6.613000 0.146303
6.618000 0.146253
6.623000 0.146202
6.628000 0.146151
6.633000 0.146101
6.638000 0.146050
6.643000 0.146000
6.648000 0.145949
6.653000 0.145898
6.658000 0.145848
6.663000 0.145797
6.668000 0.145747
6.673000 0.145696
6.678000 0.145645
6.683000 0.145595
6.688000 0.145544
6.693000 0.145494
6.698000 0.145443
6.703000 0.145392
6.708000 0.145342
6.713000 0.145291
6.718000 0.145241
6.723000 0.145190
6.728000 0.145140
6.733000 0.145089
6.738000 0.145039
6.743000 0.144988
6.748000 0.144938
6.753000 0.144887
6.758000 0.144837
6.763000 0.144786
6.768000 0.144736
6.773000 0.144685
6.778000 0.144635
6.783000 0.144584
6.788000 0.144534
6.793000 0.144483
6.798000 0.144433
6.803000 0.144382
6.808000 0.144332
6.813000 0.144282
6.818000 0.144231
6.823000 0.144181
6.828000 0.144130
6.833000 0.144080
6.838000 0.144029
6.843000 0.143979
6.848000 0.143929
6.853000 0.143878
6.858000 0.143828
6.863000 0.143778
6.868000 0.143727
6.873000 0.143677
6.878000 0.143626
6.883000 0.143576
6.888000 0.143526
6.893000 0.143475
6.898000 0.143425
6.903000 0.143375
6.908000 0.143324
6.913000 0.143274
6.918000 0.143224
6.923000 0.143174
6.928000 0.143123
6.933000 0.143073
6.938000 0.143023
6.943000 0.142972
6.948000 0.142922
6.953000 0.142872
6.958000 0.142822
6.963000 0.142771
6.968000 0.142721
6.973000 0.142671
6.978000 0.142621
6.983000 0.142570
6.988000 0.142520
6.993000 0.142470
6.998000 0.142420
7.003000 0.142369
7.008000 0.142319
7.013000 0.142269
7.018000 0.142219
7.023000 0.142169
7.028000 0.142119
7.033000 0.142068
7.038000 0.142018
7.043000 0.141968
7.048000 0.141918
7.053000 0.141868
7.058000 0.141818
7.063000 0.141767
7.068000 0.141717
7.073000 0.141667
7.078000 0.141617
7.083000 0.141567
7.088000 0.141517
7.093000 0.141467
7.098000 0.141417
7.103000 0.141367
7.108000 0.141316
7.113000 0.141266
7.118000 0.141216
7.123000 0.141166
7.128000 0.141116
7.133000 0.141066
7.138000 0.141016
7.143000 0.140966
7.148000 0.140916
7.153000 0.140866
7.158000 0.140816
7.163000 0.140766
7.168000 0.140716
7.173000 0.140666
7.178000 0.140616
7.183000 0.140566
7.188000 0.140516
7.193000 0.140466
7.198000 0.140416
7.203000 0.140366
7.208000 0.140316
7.213000 0.140266
7.218000 0.140216
7.223000 0.140166
7.228000 0.140116
7.233000 0.140066
7.238000 0.140016
7.243000 0.139966
7.248000 0.139916
7.253000 0.139867
7.258000 0.139817
7.263000 0.139767
7.268000 0.139717
7.273000 0.139667
7.278000 0.139617
7.283000 0.139567
7.288000 0.139517
7.293000 0.139467
7.298000 0.139418
7.303000 0.139368
7.308000 0.139318
7.313000 0.139268
7.318000 0.139218
7.323000 0.139168
7.328000 0.139119
7.333000 0.139069
7.338000 0.139019
7.343000 0.138969
7.348000 0.138919
7.353000 0.138870
7.358000 0.138820
7.363000 0.138774
7.368000 0.138732
7.373000 0.138690
7.378000 0.138648
7.383000 0.138606
7.388000 0.138565
7.393000 0.138523
7.398000 0.138481
7.403000 0.138439
7.408000 0.138397
7.413000 0.138355
7.418000 0.138313
7.423000 0.138271
7.428000 0.138230
7.433000 0.138188
7.438000 0.138146
7.443000 0.138104
7.448000 0.138062
7.453000 0.138020
7.458000 0.137978
7.463000 0.137937
7.468000 0.137895
7.473000 0.137853
7.478000 0.137811
7.483000 0.137769
7.488000 0.137728
7.493000 0.137686
7.498000 0.137644
7.503000 0.137602
7.508000 0.137560
7.513000 0.137519
7.518000 0.137477
7.523000 0.137435
7.528000 0.137393
7.533000 0.137351
7.538000 0.137310
7.543000 0.137268
7.548000 0.137226
7.553000 0.137184
7.558000 0.137143
7.563000 0.137101
7.568000 0.137059
7.573000 0.137017
7.578000 0.136976
7.583000 0.136934
7.588000 0.136892
7.593000 0.136851
7.598000 0.136809
7.603000 0.136767
7.608000 0.136725
7.613000 0.136684
7.618000 0.136642
7.623000 0.136600
7.628000 0.136559
7.633000 0.136517
7.638000 0.136475
7.643000 0.136434
7.648000 0.136392
7.653000 0.136350
7.658000 0.136309
7.663000 0.136267
7.668000 0.136225
7.673000 0.136184
7.678000 0.136142
7.683000 0.136100
7.688000 0.136059
7.693000 0.136017
7.698000 0.135975
7.703000 0.135934
7.708000 0.135892
7.713000 0.135850
7.718000 0.135809
7.723000 0.135767
7.728000 0.135726
7.733000 0.135684
7.738000 0.135642
7.743000 0.135601
7.748000 0.135559
7.753000 0.135518
7.758000 0.135476
7.763000 0.135435
7.768000 0.135393
7.773000 0.135351
7.778000 0.135310
7.783000 0.135268
7.788000 0.135227
7.793000 0.135185
7.798000 0.135144
7.803000 0.135102
7.808000 0.135061
7.813000 0.135019
7.818000 0.134977
7.823000 0.134936
7.828000 0.134894
7.833000 0.134853
7.838000 0.134811
7.843000 0.134770
7.848000 0.134728
7.853000 0.134687
7.858000 0.134645
7.863000 0.134604
7.868000 0.134562
7.873000 0.134521
7.878000 0.134479
7.883000 0.134438
7.888000 0.134396
7.893000 0.134355
7.898000 0.134314
7.903000 0.134272
7.908000 0.134231
7.913000 0.134189
7.918000 0.134148
7.923000 0.134106
7.928000 0.134065
7.933000 0.134023
7.938000 0.133982
7.943000 0.133941
7.948000 0.133899
7.953000 0.133858
7.958000 0.133816
7.963000 0.133775
7.968000 0.133734
7.973000 0.133692
7.978000 0.133651
7.983000 0.133609
7.988000 0.133568
7.993000 0.133527
7.998000 0.133485
8.003000 0.133444
8.008000 0.133402
8.013000 0.133361
8.018000 0.133320
8.023000 0.133278
8.028000 0.133237
8.033000 0.133196
8.038000 0.133154
8.043000 0.133113
8.048000 0.133072
8.053000 0.133030
8.058000 0.132989
8.063000 0.132948
8.068000 0.132906
8.073000 0.132865
8.078000 0.132824
8.083000 0.132782
8.088000 0.132741
8.093000 0.132700
8.098000 0.132659
8.103000 0.132617
8.108000 0.132576
8.113000 0.132535
8.118000 0.132493
8.123000 0.132452
8.128000 0.132411
8.133000 0.132370
8.138000 0.132328
8.143000 0.132287
8.148000 0.132246
8.153000 0.132205
8.158000 0.132163
8.163000 0.132122
8.168000 0.132081
8.173000 0.132040
8.178000 0.131998
8.183000 0.131957
8.188000 0.131916
8.193000 0.131875
8.198000 0.131834
8.203000 0.131792
8.208000 0.131751
8.213000 0.131710
8.218000 0.131669
8.223000 0.131628
8.228000 0.131586
8.233000 0.131545
8.238000 0.131504
8.243000 0.131463
8.248000 0.131422
8.253000 0.131381
8.258000 0.131340
8.263000 0.131298
8.268000 0.131257
8.273000 0.131216
8.278000 0.131175
8.283000 0.131134
8.288000 0.131093
8.293000 0.131052
8.298000 0.131010
8.303000 0.130969
8.308000 0.130928
8.313000 0.130887
8.318000 0.130846
8.323000 0.130805
8.328000 0.130764
8.333000 0.130723
8.338000 0.130682
8.343000 0.130641
8.348000 0.130599
8.353000 0.130559
8.358000 0.130525
8.363000 0.130490
8.368000 0.130455
8.373000 0.130420
8.378000 0.130385
8.383000 0.130350
8.388000 0.130315
8.393000 0.130280
8.398000 0.130246
8.403000 0.130211
8.408000 0.130176
8.413000 0.130141
8.418000 0.130106
8.423000 0.130071
8.428000 0.130037
8.433000 0.130002
8.438000 0.129967
8.443000 0.129932
8.448000 0.129897
8.453000 0.129862
8.458000 0.129828
8.463000 0.129793
8.468000 0.129758
8.473000 0.129723
8.478000 0.129688
8.483000 0.129654
8.488000 0.129619
8.493000 0.129584
8.498000 0.129549
8.503000 0.129514
8.508000 0.129480
8.513000 0.129445
8.518000 0.129410
8.523000 0.129375
8.528000 0.129341
8.533000 0.129306
8.538000 0.129271
8.543000 0.129236
8.548000 0.129202
8.553000 0.129167
8.558000 0.129132
8.563000 0.129097
8.568000 0.129063
8.573000 0.129028
8.578000 0.128993
8.583000 0.128958
8.588000 0.128924
8.593000 0.128889
8.598000 0.128854
8.603000 0.128819
8.608000 0.128785
8.613000 0.128750
8.618000 0.128715
8.623000 0.128680
8.628000 0.128646
8.633000 0.128611
8.638000 0.128576
8.643000 0.128542
8.648000 0.128507
8.653000 0.128472
8.658000 0.128438
8.663000 0.128403
8.668000 0.128368
8.673000 0.128334
8.678000 0.128299
8.683000 0.128264
8.688000 0.128230
8.693000 0.128195
8.698000 0.128160
8.703000 0.128126
8.708000 0.128091
8.713000 0.128056
8.718000 0.128022
8.723000 0.127987
8.728000 0.127952
8.733000 0.127918
8.738000 0.127883
8.743000 0.127848
8.748000 0.127814
8.753000 0.127779
8.758000 0.127744
8.763000 0.127710
8.768000 0.127675
8.773000 0.127641
8.778000 0.127606
8.783000 0.127571
8.788000 0.127537
8.793000 0.127502
8.798000 0.127468
8.803000 0.127433
8.808000 0.127398
8.813000 0.127364
8.818000 0.127329
8.823000 0.127295
8.828000 0.127260
8.833000 0.127225
8.838000 0.127191
8.843000 0.127156
8.848000 0.127122
8.853000 0.127087
8.858000 0.127053
8.863000 0.127018
8.868000 0.126983
8.873000 0.126949
8.878000 0.126914
8.883000 0.126880
8.888000 0.126845
8.893000 0.126811
8.898000 0.126776
8.903000 0.126742
8.908000 0.126707
8.913000 0.126673
8.918000 0.126638
8.923000 0.126603
8.928000 0.126569
8.933000 0.126534
8.938000 0.126500
8.943000 0.126465
8.948000 0.126431
8.953000 0.126396
8.958000 0.126362
8.963000 0.126327
8.968000 0.126293
8.973000 0.126258
8.978000 0.126224
8.983000 0.126189
8.988000 0.126155
8.993000 0.126120
8.998000 0.126086
9.003000 0.126052
9.008000 0.126017
9.013000 0.125983
9.018000 0.125948
9.023000 0.125914
9.028000 0.125879
9.033000 0.125845
9.038000 0.125810
9.043000 0.125776
9.048000 0.125741
9.053000 0.125707
9.058000 0.125672
9.063000 0.125638
9.068000 0.125604
9.073000 0.125569
9.078000 0.125535
9.083000 0.125500
9.088000 0.125466
9.093000 0.125432
9.098000 0.125397
9.103000 0.125363
9.108000 0.125328
9.113000 0.125294
9.118000 0.125259
9.123000 0.125225
9.128000 0.125191
9.133000 0.125156
9.138000 0.125122
9.143000 0.125088
9.148000 0.125053
9.153000 0.125019
9.158000 0.124984
9.163000 0.124950
9.168000 0.124916
9.173000 0.124881
9.178000 0.124847
9.183000 0.124813
9.188000 0.124778
9.193000 0.124744
9.198000 0.124709
9.203000 0.124675
9.208000 0.124641
9.213000 0.124606
9.218000 0.124572
9.223000 0.124538
9.228000 0.124503
9.233000 0.124469
9.238000 0.124435
9.243000 0.124400
9.248000 0.124366
9.253000 0.124332
9.258000 0.124297
9.263000 0.124263
9.268000 0.124229
9.273000 0.124195
9.278000 0.124160
9.283000 0.124126
9.288000 0.124092
9.293000 0.124057
9.298000 0.124023
9.303000 0.123989
9.308000 0.123955
9.313000 0.123920
9.318000 0.123886
9.323000 0.123852
9.328000 0.123817
9.333000 0.123783
9.338000 0.123749
9.343000 0.123715
9.348000 0.123680
9.353000 0.123646
9.358000 0.123612
9.363000 0.123578
9.368000 0.123543
9.373000 0.123509
9.378000 0.123475
9.383000 0.123441
9.388000 0.123406
9.393000 0.123372
9.398000 0.123338
9.403000 0.123304
9.408000 0.123270
9.413000 0.123235
9.418000 0.123201
9.423000 0.123167
9.428000 0.123133
9.433000 0.123099
9.438000 0.123064
9.443000 0.123030
9.448000 0.122996
9.453000 0.122962
9.458000 0.122928
9.463000 0.122893
9.468000 0.122859
9.473000 0.122825
9.478000 0.122791
9.483000 0.122757
9.488000 0.122722
9.493000 0.122688
9.498000 0.122657
9.503000 0.122629
9.508000 0.122600
9.513000 0.122571
9.518000 0.122543
9.523000 0.122514
9.528000 0.122485
9.533000 0.122457
9.538000 0.122428
9.543000 0.122399
9.548000 0.122371
9.553000 0.122342
9.558000 0.122313
9.563000 0.122285
9.568000 0.122256
9.573000 0.122227
9.578000 0.122199
9.583000 0.122170
9.588000 0.122141
9.593000 0.122113
9.598000 0.122084
9.603000 0.122055
9.608000 0.122027
9.613000 0.121998
9.618000 0.121969
9.623000 0.121941
9.628000 0.121912
9.633000 0.121883
9.638000 0.121855
9.643000 0.121826
9.648000 0.121798
9.653000 0.121769
9.658000 0.121740
9.663000 0.121712
9.668000 0.121683
9.673000 0.121654
9.678000 0.121626
9.683000 0.121597
9.688000 0.121569
9.693000 0.121540
9.698000 0.121511
9.703000 0.121483
9.708000 0.121454
9.713000 0.121426
9.718000 0.121397
9.723000 0.121368
9.728000 0.121340
9.733000 0.121311
9.738000 0.121283
9.743000 0.121254
9.748000 0.121226
9.753000 0.121197
9.758000 0.121168
9.763000 0.121140
9.768000 0.121111
9.773000 0.121083
9.778000 0.121054
9.783000 0.121025
9.788000 0.120997
9.793000 0.120968
9.798000 0.120940
9.803000 0.120911
9.808000 0.120883
9.813000 0.120854
9.818000 0.120826
9.823000 0.120797
9.828000 0.120769
9.833000 0.120740
9.838000 0.120711
9.843000 0.120683
9.848000 0.120654
9.853000 0.120626
9.858000 0.120597
9.863000 0.120569
9.868000 0.120540
9.873000 0.120512
9.878000 0.120483
9.883000 0.120455
9.888000 0.120426
9.893000 0.120398
9.898000 0.120369
9.903000 0.120341
9.908000 0.120312
9.913000 0.120284
9.918000 0.120255
9.923000 0.120227
9.928000 0.120198
9.933000 0.120170
9.938000 0.120141
9.943000 0.120113
9.948000 0.120084
9.953000 0.120056
9.958000 0.120027
9.963000 0.119999
9.968000 0.119970
9.973000 0.119942
9.978000 0.119913
9.983000 0.119885
9.988000 0.119856
9.993000 0.119828
9.998000 0.119799
10.003000 0.119771
10.008000 0.119742
10.013000 0.119714
10.018000 0.119685
10.023000 0.119657
10.028000 0.119629
10.033000 0.119600
10.038000 0.119572
10.043000 0.119543
10.048000 0.119515
10.053000 0.119486
10.058000 0.119458
10.063000 0.119429
10.068000 0.119401
10.073000 0.119373
10.078000 0.119344
10.083000 0.119316
10.088000 0.119287
10.093000 0.119259
10.098000 0.119230
10.103000 0.119202
10.108000 0.119174
10.113000 0.119145
10.118000 0.119117
10.123000 0.119088
10.128000 0.119060
10.133000 0.119032
10.138000 0.119003
10.143000 0.118975
10.148000 0.118946
10.153000 0.118918
10.158000 0.118889
10.163000 0.118861
10.168000 0.118833
10.173000 0.118804
10.178000 0.118776
10.183000 0.118748
10.188000 0.118719
10.193000 0.118691
10.198000 0.118662
10.203000 0.118634
10.208000 0.118606
10.213000 0.118577
10.218000 0.118549
10.223000 0.118521
10.228000 0.118492
10.233000 0.118464
10.238000 0.118435
10.243000 0.118407
10.248000 0.118379
10.253000 0.118350
10.258000 0.118322
10.263000 0.118294
10.268000 0.118265
10.273000 0.118237
10.278000 0.118209
10.283000 0.118180
10.288000 0.118152
10.293000 0.118124
10.298000 0.118095
10.303000 0.118067
10.308000 0.118039
10.313000 0.118010
10.318000 0.117982
10.323000 0.117954
10.328000 0.117925
10.333000 0.117897
10.338000 0.117869
10.343000 0.117840
10.348000 0.117812
10.353000 0.117784
10.358000 0.117755
10.363000 0.117727
10.368000 0.117699
10.373000 0.117671
10.378000 0.117642
10.383000 0.117614
10.388000 0.117586
10.393000 0.117557
10.398000 0.117529
10.403000 0.117501
10.408000 0.117473
10.413000 0.117444
10.418000 0.117416
10.423000 0.117388
10.428000 0.117359
10.433000 0.117331
10.438000 0.117303
10.443000 0.117275
10.448000 0.117246
10.453000 0.117218
10.458000 0.117190
10.463000 0.117162
10.468000 0.117133
10.473000 0.117105
10.478000 0.117077
10.483000 0.117049
10.488000 0.117020
10.493000 0.116992
10.498000 0.116964
10.503000 0.116936
10.508000 0.116907
10.513000 0.116879
10.518000 0.116851
10.523000 0.116823
10.528000 0.116794
10.533000 0.116766
10.538000 0.116738
10.543000 0.116710
10.548000 0.116682
10.553000 0.116653
10.558000 0.116625
10.563000 0.116597
10.568000 0.116569
10.573000 0.116540
10.578000 0.116512
10.583000 0.116484
10.588000 0.116456
10.593000 0.116428
10.598000 0.116399
10.603000 0.116371
10.608000 0.116343
10.613000 0.116315
10.618000 0.116287
10.623000 0.116259
10.628000 0.116230
10.633000 0.116202
10.638000 0.116174
10.643000 0.116146
10.648000 0.116118
10.653000 0.116089
10.658000 0.116061
10.663000 0.116033
10.668000 0.116005
10.673000 0.115977
10.678000 0.115949
10.683000 0.115920
10.688000 0.115892
10.693000 0.115864
10.698000 0.115836
10.703000 0.115808
10.708000 0.115780
10.713000 0.115752
10.718000 0.115723
10.723000 0.115695
10.728000 0.115667
10.733000 0.115639
10.738000 0.115611
10.743000 0.115583
10.748000 0.115555
10.753000 0.115527
10.758000 0.115498
10.763000 0.115470
10.768000 0.115442
10.773000 0.115414
10.778000 0.115386
10.783000 0.115358
10.788000 0.115330
10.793000 0.115302
10.798000 0.115274
10.803000 0.115250
10.808000 0.115227
10.813000 0.115203
10.818000 0.115179
10.823000 0.115155
10.828000 0.115131
10.833000 0.115107
10.838000 0.115083
10.843000 0.115059
10.848000 0.115035
10.853000 0.115011
10.858000 0.114987
10.863000 0.114964
10.868000 0.114940
10.873000 0.114916
10.878000 0.114892
10.883000 0.114868
10.888000 0.114844
10.893000 0.114820
10.898000 0.114796
10.903000 0.114772
10.908000 0.114749
10.913000 0.114725
10.918000 0.114701
10.923000 0.114677
10.928000 0.114653
10.933000 0.114629
10.938000 0.114605
10.943000 0.114581
10.948000 0.114558
10.953000 0.114534
10.958000 0.114510
10.963000 0.114486
10.968000 0.114462
10.973000 0.114438
10.978000 0.114414
10.983000 0.114391
10.988000 0.114367
10.993000 0.114343
10.998000 0.114319
11.003000 0.114295
11.008000 0.114271
11.013000 0.114247
11.018000 0.114224
11.023000 0.114200
11.028000 0.114176
11.033000 0.114152
11.038000 0.114128
11.043000 0.114104
11.048000 0.114081
11.053000 0.114057
11.058000 0.114033
11.063000 0.114009
11.068000 0.113985
11.073000 0.113961
11.078000 0.113938
11.083000 0.113914
11.088000 0.113890
11.093000 0.113866
11.098000 0.113842
11.103000 0.113818
11.108000 0.113795
11.113000 0.113771
11.118000 0.113747
11.123000 0.113723
11.128000 0.113699
11.133000 0.113676
11.138000 0.113652
11.143000 0.113628
11.148000 0.113604
11.153000 0.113580
11.158000 0.113557
11.163000 0.113533
11.168000 0.113509
11.173000 0.113485
11.178000 0.113461
11.183000 0.113438
11.188000 0.113414
11.193000 0.113390
11.198000 0.113366
11.203000 0.113342
11.208000 0.113319
11.213000 0.113295
11.218000 0.113271
11.223000 0.113247
11.228000 0.113223
11.233000 0.113200
11.238000 0.113176
11.243000 0.113152
11.248000 0.113128
11.253000 0.113105
11.258000 0.113081
11.263000 0.113057
11.268000 0.113033
11.273000 0.113010
11.278000 0.112986
11.283000 0.112962
11.288000 0.112938
11.293000 0.112915
11.298000 0.112891
11.303000 0.112867
11.308000 0.112843
11.313000 0.112820
11.318000 0.112796
11.323000 0.112772
11.328000 0.112748
11.333000 0.112725
11.338000 0.112701
11.343000 0.112677
11.348000 0.112653
11.353000 0.112630
11.358000 0.112606
11.363000 0.112582
11.368000 0.112558
11.373000 0.112535
11.378000 0.112511
11.383000 0.112487
11.388000 0.112464
11.393000 0.112440
11.398000 0.112416
11.403000 0.112392
11.408000 0.112369
11.413000 0.112345
11.418000 0.112321
11.423000 0.112298
11.428000 0.112274
11.433000 0.112250
11.438000 0.112226
11.443000 0.112203
11.448000 0.112179
11.453000 0.112155
11.458000 0.112132
11.463000 0.112108
11.468000 0.112084
11.473000 0.112060
11.478000 0.112037
11.483000 0.112013
11.488000 0.111989
11.493000 0.111966
11.498000 0.111942
11.503000 0.111918
11.508000 0.111895
11.513000 0.111871
11.518000 0.111847
11.523000 0.111824
11.528000 0.111800
11.533000 0.111776
11.538000 0.111753
11.543000 0.111729
11.548000 0.111705
11.553000 0.111682
11.558000 0.111658
11.563000 0.111634
11.568000 0.111611
11.573000 0.111587
11.578000 0.111563
11.583000 0.111540
11.588000 0.111516
11.593000 0.111492
11.598000 0.111469
11.603000 0.111445
11.608000 0.111421
11.613000 0.111398
11.618000 0.111374
11.623000 0.111350
11.628000 0.111327
11.633000 0.111303
11.638000 0.111279
11.643000 0.111256
11.648000 0.111232
11.653000 0.111209
11.658000 0.111185
11.663000 0.111161
11.668000 0.111138
11.673000 0.111114
11.678000 0.111090
11.683000 0.111067
11.688000 0.111043
11.693000 0.111020
11.698000 0.110996
11.703000 0.110972
11.708000 0.110949
11.713000 0.110925
11.718000 0.110901
11.723000 0.110878
11.728000 0.110854
11.733000 0.110831
11.738000 0.110807
11.743000 0.110783
11.748000 0.110760
11.753000 0.110736
11.758000 0.110713
11.763000 0.110689
11.768000 0.110665
11.773000 0.110642
11.778000 0.110618
11.783000 0.110595
11.788000 0.110571
11.793000 0.110547
11.798000 0.110524
11.803000 0.110500
11.808000 0.110477
11.813000 0.110453
11.818000 0.110430
11.823000 0.110406
11.828000 0.110382
11.833000 0.110359
11.838000 0.110335
11.843000 0.110312
11.848000 0.110288
11.853000 0.110265
11.858000 0.110241
11.863000 0.110217
11.868000 0.110194
11.873000 0.110170
11.878000 0.110147
11.883000 0.110123
11.888000 0.110100
11.893000 0.110076
11.898000 0.110053
11.903000 0.110029
11.908000 0.110005
11.913000 0.109982
11.918000 0.109958
11.923000 0.109935
11.928000 0.109911
11.933000 0.109888
11.938000 0.109864
11.943000 0.109841
11.948000 0.109817
11.953000 0.109794
11.958000 0.109770
11.963000 0.109746
11.968000 0.109723
11.973000 0.109699
11.978000 0.109676
11.983000 0.109652
11.988000 0.109629
11.993000 0.109605
11.998000 0.109582
12.003000 0.109558
12.008000 0.109535
12.013000 0.109511
12.018000 0.109488
12.023000 0.109464
12.028000 0.109441
12.033000 0.109417
12.038000 0.109394
12.043000 0.109370
12.048000 0.109347
12.053000 0.109323
12.058000 0.109300
12.063000 0.109276
12.068000 0.109253
12.073000 0.109229
12.078000 0.109206
12.083000 0.109182
12.088000 0.109159
12.093000 0.109135
12.098000 0.109112
12.103000 0.109088
12.108000 0.109065
12.113000 0.109041
12.118000 0.109018
12.123000 0.108994
12.128000 0.108971
12.133000 0.108947
12.138000 0.108924
12.143000 0.108900
12.148000 0.108877
12.153000 0.108854
12.158000 0.108830
12.163000 0.108807
12.168000 0.108783
12.173000 0.108760
12.178000 0.108736
12.183000 0.108713
12.188000 0.108689
12.193000 0.108666
12.198000 0.108642
12.203000 0.108619
12.208000 0.108596
12.213000 0.108572
12.218000 0.108549
12.223000 0.108525
12.228000 0.108502
12.233000 0.108478
12.238000 0.108455
12.243000 0.108431
12.248000 0.108408
12.253000 0.108385
12.258000 0.108361
12.263000 0.108338
12.268000 0.108314
12.273000 0.108291
12.278000 0.108267
12.283000 0.108244
12.288000 0.108221
12.293000 0.108197
12.298000 0.108174
12.303000 0.108150
12.308000 0.108127
12.313000 0.108107
12.318000 0.108087
12.323000 0.108068
12.328000 0.108048
12.333000 0.108028
12.338000 0.108008
12.343000 0.107989
12.348000 0.107969
12.353000 0.107949
12.358000 0.107930
12.363000 0.107910
12.368000 0.107890
12.373000 0.107871
12.378000 0.107851
12.383000 0.107831
12.388000 0.107811
12.393000 0.107792
12.398000 0.107772
12.403000 0.107752
12.408000 0.107733
12.413000 0.107713
12.418000 0.107693
12.423000 0.107674
12.428000 0.107654
12.433000 0.107634
12.438000 0.107615
12.443000 0.107595
12.448000 0.107575
12.453000 0.107556
12.458000 0.107536
12.463000 0.107516
12.468000 0.107497
12.473000 0.107477
12.478000 0.107457
12.483000 0.107438
12.488000 0.107418
12.493000 0.107398
12.498000 0.107379
12.503000 0.107359
12.508000 0.107339
12.513000 0.107320
12.518000 0.107300
12.523000 0.107280
12.528000 0.107261
12.533000 0.107241
12.538000 0.107221
12.543000 0.107202
12.548000 0.107182
12.553000 0.107162
12.558000 0.107143
12.563000 0.107123
12.568000 0.107104
12.573000 0.107084
12.578000 0.107064
12.583000 0.107045
12.588000 0.107025
12.593000 0.107005
12.598000 0.106986
12.603000 0.106966
12.608000 0.106946
12.613000 0.106927
12.618000 0.106907
12.623000 0.106887
12.628000 0.106868
12.633000 0.106848
12.638000 0.106829
12.643000 0.106809
12.648000 0.106789
12.653000 0.106770
12.658000 0.106750
12.663000 0.106730
12.668000 0.106711
12.673000 0.106691
12.678000 0.106672
12.683000 0.106652
12.688000 0.106632
12.693000 0.106613
12.698000 0.106593
12.703000 0.106574
12.708000 0.106554
12.713000 0.106534
12.718000 0.106515
12.723000 0.106495
12.728000 0.106476
12.733000 0.106456
12.738000 0.106436
12.743000 0.106417
12.748000 0.106397
12.753000 0.106377
12.758000 0.106358
12.763000 0.106338
12.768000 0.106319
12.773000 0.106299
12.778000 0.106279
12.783000 0.106260
12.788000 0.106240
12.793000 0.106221
12.798000 0.106201
12.803000 0.106182
12.808000 0.106162
12.813000 0.106142
12.818000 0.106123
12.823000 0.106103
12.828000 0.106084
12.833000 0.106064
12.838000 0.106044
12.843000 0.106025
12.848000 0.106005
12.853000 0.105986
12.858000 0.105966
12.863000 0.105947
12.868000 0.105927
12.873000 0.105907
12.878000 0.105888
12.883000 0.105868
12.888000 0.105849
12.893000 0.105829
12.898000 0.105810
12.903000 0.105790
12.908000 0.105770
12.913000 0.105751
12.918000 0.105731
12.923000 0.105712
12.928000 0.105692
12.933000 0.105673
12.938000 0.105653
12.943000 0.105634
12.948000 0.105614
12.953000 0.105594
12.958000 0.105575
12.963000 0.105555
12.968000 0.105536
12.973000 0.105516
12.978000 0.105497
12.983000 0.105477
12.988000 0.105458
12.993000 0.105438
12.998000 0.105419
13.003000 0.105399
13.008000 0.105379
13.013000 0.105360
13.018000 0.105340
13.023000 0.105321
13.028000 0.105301
13.033000 0.105282
13.038000 0.105262
13.043000 0.105243
13.048000 0.105223
13.053000 0.105204
13.058000 0.105184
13.063000 0.105165
13.068000 0.105145
13.073000 0.105126
13.078000 0.105106
13.083000 0.105086
13.088000 0.105067
13.093000 0.105047
13.098000 0.105028
13.103000 0.105008
13.108000 0.104989
13.113000 0.104969
13.118000 0.104950
13.123000 0.104930
13.128000 0.104911
13.133000 0.104891
13.138000 0.104872
13.143000 0.104852
13.148000 0.104833
13.153000 0.104813
13.158000 0.104794
13.163000 0.104774
13.168000 0.104755
13.173000 0.104735
13.178000 0.104716
13.183000 0.104696
13.188000 0.104677
13.193000 0.104657
13.198000 0.104638
13.203000 0.104618
13.208000 0.104599
13.213000 0.104579
13.218000 0.104560
13.223000 0.104540
13.228000 0.104521
13.233000 0.104501
13.238000 0.104482
13.243000 0.104462
13.248000 0.104443
13.253000 0.104423
13.258000 0.104404
13.263000 0.104385
13.268000 0.104365
13.273000 0.104346
13.278000 0.104326
13.283000 0.104307
13.288000 0.104287
13.293000 0.104268
13.298000 0.104248
13.303000 0.104229
13.308000 0.104209
13.313000 0.104190
13.318000 0.104170
13.323000 0.104151
13.328000 0.104131
13.333000 0.104112
13.338000 0.104093
13.343000 0.104073
13.348000 0.104054
13.353000 0.104034
13.358000 0.104015
13.363000 0.103995
13.368000 0.103976
13.373000 0.103956
13.378000 0.103937
13.383000 0.103917
13.388000 0.103898
13.393000 0.103879
13.398000 0.103859
13.403000 0.103840
13.408000 0.103820
13.413000 0.103801
13.418000 0.103781
13.423000 0.103762
13.428000 0.103742
13.433000 0.103723
13.438000 0.103704
13.443000 0.103684
13.448000 0.103665
13.453000 0.103645
13.458000 0.103626
13.463000 0.103606
13.468000 0.103587
13.473000 0.103568
13.478000 0.103548
13.483000 0.103529
13.488000 0.103509
13.493000 0.103490
13.498000 0.103470
13.503000 0.103451
13.508000 0.103432
13.513000 0.103412
13.518000 0.103393
13.523000 0.103373
13.528000 0.103354
13.533000 0.103335
13.538000 0.103315
13.543000 0.103296
13.548000 0.103276
13.553000 0.103257
13.558000 0.103238
13.563000 0.103218
13.568000 0.103199
13.573000 0.103179
13.578000 0.103160
13.583000 0.103140
13.588000 0.103121
13.593000 0.103102
13.598000 0.103082
13.603000 0.103063
13.608000 0.103044
13.613000 0.103024
13.618000 0.103005
13.623000 0.102985
13.628000 0.102966
13.633000 0.102947
13.638000 0.102927
13.643000 0.102908
13.648000 0.102888
13.653000 0.102869
13.658000 0.102850
13.663000 0.102830
13.668000 0.102811
13.673000 0.102792
13.678000 0.102772
13.683000 0.102753
13.688000 0.102733
13.693000 0.102714
13.698000 0.102695
13.703000 0.102675
13.708000 0.102656
13.713000 0.102637
13.718000 0.102617
13.723000 0.102598
13.728000 0.102578
13.733000 0.102559
13.738000 0.102540
13.743000 0.102520
13.748000 0.102501
13.753000 0.102482
13.758000 0.102462
13.763000 0.102443
13.768000 0.102424
13.773000 0.102404
13.778000 0.102385
13.783000 0.102366
13.788000 0.102346
13.793000 0.102327
13.798000 0.102307
13.803000 0.102288
13.808000 0.102269
13.813000 0.102249
13.818000 0.102230
13.823000 0.102211
13.828000 0.102191
13.833000 0.102172
13.838000 0.102153
13.843000 0.102133
13.848000 0.102114
13.853000 0.102095
13.858000 0.102075
13.863000 0.102056
13.868000 0.102037
13.873000 0.102017
13.878000 0.101998
13.883000 0.101979
13.888000 0.101959
13.893000 0.101940
13.898000 0.101921
13.903000 0.101901
13.908000 0.101882
13.913000 0.101863
13.918000 0.101843
13.923000 0.101824
13.928000 0.101805
13.933000 0.101786
13.938000 0.101766
13.943000 0.101747
13.948000 0.101728
13.953000 0.101708
13.958000 0.101689
13.963000 0.101670
13.968000 0.101650
13.973000 0.101631
13.978000 0.101612
13.983000 0.101592
13.988000 0.101573
13.993000 0.101554
13.998000 0.101538
14.003000 0.101522
14.008000 0.101506
14.013000 0.101489
14.018000 0.101473
14.023000 0.101457
14.028000 0.101441
14.033000 0.101425
14.038000 0.101409
14.043000 0.101392
14.048000 0.101376
14.053000 0.101360
14.058000 0.101344
14.063000 0.101328
14.068000 0.101312
14.073000 0.101296
14.078000 0.101279
14.083000 0.101263
14.088000 0.101247
14.093000 0.101231
14.098000 0.101215
14.103000 0.101199
14.108000 0.101182
14.113000 0.101166
14.118000 0.101150
14.123000 0.101134
14.128000 0.101118
14.133000 0.101102
14.138000 0.101086
14.143000 0.101069
14.148000 0.101053
14.153000 0.101037
14.158000 0.101021
14.163000 0.101005
14.168000 0.100989
14.173000 0.100973
14.178000 0.100956
14.183000 0.100940
14.188000 0.100924
14.193000 0.100908
14.198000 0.100892
14.203000 0.100876
14.208000 0.100860
14.213000 0.100844
14.218000 0.100827
14.223000 0.100811
14.228000 0.100795
14.233000 0.100779
14.238000 0.100763
14.243000 0.100747
14.248000 0.100731
14.253000 0.100715
14.258000 0.100698
14.263000 0.100682
14.268000 0.100666
14.273000 0.100650
14.278000 0.100634
14.283000 0.100618
14.288000 0.100602
14.293000 0.100586
14.298000 0.100569
14.303000 0.100553
14.308000 0.100537
14.313000 0.100521
14.318000 0.100505
14.323000 0.100489
14.328000 0.100473
14.333000 0.100457
14.338000 0.100441
14.343000 0.100424
14.348000 0.100408
14.353000 0.100392
14.358000 0.100376
14.363000 0.100360
14.368000 0.100344
14.373000 0.100328
14.378000 0.100312
14.383000 0.100296
14.388000 0.100280
14.393000 0.100263
14.398000 0.100247
14.403000 0.100231
14.408000 0.100215
14.413000 0.100199
14.418000 0.100183
14.423000 0.100167
14.428000 0.100151
14.433000 0.100135
14.438000 0.100119
14.443000 0.100102
14.448000 0.100086
14.453000 0.100070
14.458000 0.100054
14.463000 0.100038
14.468000 0.100022
14.473000 0.100006
14.478000 0.099990
14.483000 0.099974
14.488000 0.099958
14.493000 0.099942
14.498000 0.099926
14.503000 0.099909
14.508000 0.099893
14.513000 0.099877
14.518000 0.099861
14.523000 0.099845
14.528000 0.099829
14.533000 0.099813
14.538000 0.099797
14.543000 0.099781
14.548000 0.099765
14.553000 0.099749
14.558000 0.099733
14.563000 0.099717
14.568000 0.099700
14.573000 0.099684
14.578000 0.099668
14.583000 0.099652
14.588000 0.099636
14.593000 0.099620
14.598000 0.099604
14.603000 0.099588
14.608000 0.099572
14.613000 0.099556
14.618000 0.099540
14.623000 0.099524
14.628000 0.099508
14.633000 0.099492
14.638000 0.099476
14.643000 0.099460
14.648000 0.099444
14.653000 0.099427
14.658000 0.099411
14.663000 0.099395
14.668000 0.099379
14.673000 0.099363
14.678000 0.099347
14.683000 0.099331
14.688000 0.099315
14.693000 0.099299
14.698000 0.099283
14.703000 0.099267
14.708000 0.099251
14.713000 0.099235
14.718000 0.099219
14.723000 0.099203
14.728000 0.099187
14.733000 0.099171
14.738000 0.099155
14.743000 0.099139
14.748000 0.099123
14.753000 0.099107
14.758000 0.099091
14.763000 0.099074
14.768000 0.099058
14.773000 0.099042
14.778000 0.099026
14.783000 0.099010
14.788000 0.098994
14.793000 0.098978
14.798000 0.098962
14.803000 0.098946
14.808000 0.098930
14.813000 0.098914
14.818000 0.098898
14.823000 0.098882
14.828000 0.098866
14.833000 0.098850
14.838000 0.098834
14.843000 0.098818
14.848000 0.098802
14.853000 0.098786
14.858000 0.098770
14.863000 0.098754
14.868000 0.098738
14.873000 0.098722
14.878000 0.098706
14.883000 0.098690
14.888000 0.098674
14.893000 0.098658
14.898000 0.098642
14.903000 0.098626
14.908000 0.098610
14.913000 0.098594
14.918000 0.098578
14.923000 0.098562
14.928000 0.098546
14.933000 0.098530
14.938000 0.098514
14.943000 0.098498
14.948000 0.098482
14.953000 0.098466
14.958000 0.098450
14.963000 0.098434
14.968000 0.098418
14.973000 0.098402
14.978000 0.098386
14.983000 0.098370
14.988000 0.098354
14.993000 0.098338
14.998000 0.098322
15.003000 0.098306
15.008000 0.098290
15.013000 0.098274
15.018000 0.098258
15.023000 0.098242
15.028000 0.098226
15.033000 0.098210
15.038000 0.098194
15.043000 0.098178
15.048000 0.098162
15.053000 0.098146
15.058000 0.098130
15.063000 0.098114
15.068000 0.098098
15.073000 0.098082
15.078000 0.098066
15.083000 0.098050
15.088000 0.098034
15.093000 0.098018
15.098000 0.098002
15.103000 0.097986
15.108000 0.097970
15.113000 0.097954
15.118000 0.097938
15.123000 0.097922
15.128000 0.097906
15.133000 0.097890
15.138000 0.097874
15.143000 0.097858
15.148000 0.097842
15.153000 0.097826
15.158000 0.097810
15.163000 0.097794
15.168000 0.097778
15.173000 0.097763
15.178000 0.097747
15.183000 0.097731
15.188000 0.097715
15.193000 0.097699
15.198000 0.097683
15.203000 0.097667
15.208000 0.097651
15.213000 0.097635
15.218000 0.097619
15.223000 0.097603
15.228000 0.097587
15.233000 0.097571
15.238000 0.097555
15.243000 0.097539
15.248000 0.097523
15.253000 0.097507
15.258000 0.097491
15.263000 0.097475
15.268000 0.097459
15.273000 0.097443
15.278000 0.097427
15.283000 0.097412
15.288000 0.097396
15.293000 0.097380
15.298000 0.097364
15.303000 0.097348
15.308000 0.097332
15.313000 0.097316
15.318000 0.097300
15.323000 0.097284
15.328000 0.097268
15.333000 0.097252
15.338000 0.097236
15.343000 0.097220
15.348000 0.097204
15.353000 0.097188
15.358000 0.097172
15.363000 0.097157
15.368000 0.097141
15.373000 0.097125
15.378000 0.097109
15.383000 0.097093
15.388000 0.097077
15.393000 0.097061
15.398000 0.097045
15.403000 0.097029
15.408000 0.097013
15.413000 0.096997
15.418000 0.096981
15.423000 0.096965
15.428000 0.096950
15.433000 0.096934
15.438000 0.096918
15.443000 0.096902
15.448000 0.096886
15.453000 0.096870
15.458000 0.096854
15.463000 0.096838
15.468000 0.096822
15.473000 0.096806
15.478000 0.096790
15.483000 0.096774
15.488000 0.096759
15.493000 0.096743
15.498000 0.096727
15.503000 0.096711
15.508000 0.096695
15.513000 0.096679
15.518000 0.096663
15.523000 0.096647
15.528000 0.096631
15.533000 0.096615
15.538000 0.096599
15.543000 0.096584
15.548000 0.096568
15.553000 0.096552
15.558000 0.096536
15.563000 0.096520
15.568000 0.096504
15.573000 0.096488
15.578000 0.096472
15.583000 0.096456
15.588000 0.096441
15.593000 0.096425
15.598000 0.096409
15.603000 0.096393
15.608000 0.096377
15.613000 0.096361
15.618000 0.096345
15.623000 0.096329
15.628000 0.096313
15.633000 0.096298
15.638000 0.096282
15.643000 0.096266
15.648000 0.096250
15.653000 0.096234
15.658000 0.096218
15.663000 0.096202
15.668000 0.096186
15.673000 0.096171
15.678000 0.096155
15.683000 0.096139
15.688000 0.096123
15.693000 0.096107
15.698000 0.096091
15.703000 0.096075
15.708000 0.096059
15.713000 0.096044
15.718000 0.096028
15.723000 0.096012
15.728000 0.095996
15.733000 0.095980
15.738000 0.095964
15.743000 0.095948
15.748000 0.095932
15.753000 0.095917
15.758000 0.095901
15.763000 0.095885
15.768000 0.095869
15.773000 0.095853
15.778000 0.095837
15.783000 0.095821
15.788000 0.095806
15.793000 0.095790
15.798000 0.095774
15.803000 0.095758
15.808000 0.095742
15.813000 0.095726
15.818000 0.095710
15.823000 0.095695
15.828000 0.095679
15.833000 0.095663
15.838000 0.095647
15.843000 0.095631
15.848000 0.095615
15.853000 0.095600
15.858000 0.095584
15.863000 0.095568
15.868000 0.095552
15.873000 0.095536
15.878000 0.095520
15.883000 0.095504
15.888000 0.095489
15.893000 0.095473
15.898000 0.095457
15.903000 0.095443
15.908000 0.095429
15.913000 0.095416
15.918000 0.095402
15.923000 0.095389
15.928000 0.095376
15.933000 0.095362
15.938000 0.095349
15.943000 0.095335
15.948000 0.095322
15.953000 0.095309
15.958000 0.095295
15.963000 0.095282
15.968000 0.095269
15.973000 0.095255
15.978000 0.095242
15.983000 0.095228
15.988000 0.095215
15.993000 0.095202
15.998000 0.095188
16.003000 0.095175
16.008000 0.095162
16.013000 0.095148
16.018000 0.095135
16.023000 0.095121
16.028000 0.095108
16.033000 0.095095
16.038000 0.095081
16.043000 0.095068
16.048000 0.095055
16.053000 0.095041
16.058000 0.095028
16.063000 0.095015
16.068000 0.095001
16.073000 0.094988
16.078000 0.094974
16.083000 0.094961
16.088000 0.094948
16.093000 0.094934
16.098000 0.094921
16.103000 0.094908
16.108000 0.094894
16.113000 0.094881
16.118000 0.094868
16.123000 0.094854
16.128000 0.094841
16.133000 0.094827
16.138000 0.094814
16.143000 0.094801
16.148000 0.094787
16.153000 0.094774
16.158000 0.094761
16.163000 0.094747
16.168000 0.094734
16.173000 0.094721
16.178000 0.094707
16.183000 0.094694
16.188000 0.094681
16.193000 0.094667
16.198000 0.094654
16.203000 0.094641
16.208000 0.094627
16.213000 0.094614
16.218000 0.094600
16.223000 0.094587
16.228000 0.094574
16.233000 0.094560
16.238000 0.094547
16.243000 0.094534
16.248000 0.094520
16.253000 0.094507
16.258000 0.094494
16.263000 0.094480
16.268000 0.094467
16.273000 0.094454
16.278000 0.094440
16.283000 0.094427
16.288000 0.094414
16.293000 0.094400
16.298000 0.094387
16.303000 0.094374
16.308000 0.094360
16.313000 0.094347
16.318000 0.094334
16.323000 0.094320
16.328000 0.094307
16.333000 0.094294
16.338000 0.094280
16.343000 0.094267
16.348000 0.094254
16.353000 0.094240
16.358000 0.094227
16.363000 0.094214
16.368000 0.094200
16.373000 0.094187
16.378000 0.094174
16.383000 0.094160
16.388000 0.094147
16.393000 0.094134
16.398000 0.094120
16.403000 0.094107
16.408000 0.094094
16.413000 0.094080
16.418000 0.094067
16.423000 0.094054
16.428000 0.094041
16.433000 0.094027
16.438000 0.094014
16.443000 0.094001
16.448000 0.093987
16.453000 0.093974
16.458000 0.093961
16.463000 0.093947
16.468000 0.093934
16.473000 0.093921
16.478000 0.093907
16.483000 0.093894
16.488000 0.093881
16.493000 0.093867
16.498000 0.093854
16.503000 0.093841
16.508000 0.093827
16.513000 0.093814
16.518000 0.093801
16.523000 0.093788
16.528000 0.093774
16.533000 0.093761
16.538000 0.093748
16.543000 0.093734
16.548000 0.093721
16.553000 0.093708
16.558000 0.093694
16.563000 0.093681
16.568000 0.093668
16.573000 0.093654
16.578000 0.093641
16.583000 0.093628
16.588000 0.093615
16.593000 0.093601
16.598000 0.093588
16.603000 0.093575
16.608000 0.093561
16.613000 0.093548
16.618000 0.093535
16.623000 0.093522
16.628000 0.093508
16.633000 0.093495
16.638000 0.093482
16.643000 0.093468
16.648000 0.093455
16.653000 0.093442
16.658000 0.093428
16.663000 0.093415
16.668000 0.093402
16.673000 0.093389
16.678000 0.093375
16.683000 0.093362
16.688000 0.093349
16.693000 0.093335
16.698000 0.093322
16.703000 0.093309
16.708000 0.093296
16.713000 0.093282
16.718000 0.093269
16.723000 0.093256
16.728000 0.093242
16.733000 0.093229
16.738000 0.093216
16.743000 0.093203
16.748000 0.093189
16.753000 0.093176
16.758000 0.093163
16.763000 0.093149
16.768000 0.093136
16.773000 0.093123
16.778000 0.093110
16.783000 0.093096
16.788000 0.093083
16.793000 0.093070
16.798000 0.093057
16.803000 0.093043
16.808000 0.093030
16.813000 0.093017
16.818000 0.093003
16.823000 0.092990
16.828000 0.092977
16.833000 0.092964
16.838000 0.092950
16.843000 0.092937
16.848000 0.092924
16.853000 0.092911
16.858000 0.092897
16.863000 0.092884
16.868000 0.092871
16.873000 0.092858
16.878000 0.092844
16.883000 0.092831
16.888000 0.092818
16.893000 0.092805
16.898000 0.092791
16.903000 0.092778
16.908000 0.092765
16.913000 0.092751
16.918000 0.092738
16.923000 0.092725
16.928000 0.092712
16.933000 0.092698
16.938000 0.092685
16.943000 0.092672
16.948000 0.092659
16.953000 0.092645
16.958000 0.092632
16.963000 0.092619
16.968000 0.092606
16.973000 0.092592
16.978000 0.092579
16.983000 0.092566
16.988000 0.092553
16.993000 0.092539
16.998000 0.092526
17.003000 0.092513
17.008000 0.092500
17.013000 0.092486
17.018000 0.092473
17.023000 0.092460
17.028000 0.092447
17.033000 0.092433
17.038000 0.092420
17.043000 0.092407
17.048000 0.092394
17.053000 0.092380
17.058000 0.092367
17.063000 0.092354
17.068000 0.092341
17.073000 0.092328
17.078000 0.092314
17.083000 0.092301
17.088000 0.092288
17.093000 0.092275
17.098000 0.092261
17.103000 0.092248
17.108000 0.092235
17.113000 0.092222
17.118000 0.092208
17.123000 0.092195
17.128000 0.092182
17.133000 0.092169
17.138000 0.092155
17.143000 0.092142
17.148000 0.092129
17.153000 0.092116
17.158000 0.092103
17.163000 0.092089
17.168000 0.092076
17.173000 0.092063
17.178000 0.092050
17.183000 0.092036
17.188000 0.092023
17.193000 0.092010
17.198000 0.091997
17.203000 0.091984
17.208000 0.091970
17.213000 0.091957
17.218000 0.091944
17.223000 0.091931
17.228000 0.091917
17.233000 0.091904
17.238000 0.091891
17.243000 0.091878
17.248000 0.091865
17.253000 0.091851
17.258000 0.091838
17.263000 0.091825
17.268000 0.091812
17.273000 0.091798
17.278000 0.091785
17.283000 0.091772
17.288000 0.091759
17.293000 0.091746
17.298000 0.091732
17.303000 0.091719
17.308000 0.091706
17.313000 0.091693
17.318000 0.091680
17.323000 0.091666
17.328000 0.091653
17.333000 0.091640
17.338000 0.091627
17.343000 0.091614
17.348000 0.091600
17.353000 0.091587
17.358000 0.091574
17.363000 0.091561
17.368000 0.091548
17.373000 0.091534
17.378000 0.091521
