0.003000 0.000000
0.008000 84.202772
0.013000 38.131042
0.018000 45.613548
0.023000 -4.296445
0.028000 -11.810907
0.033000 -11.907486
0.038000 -11.608323
0.043000 -11.220551
0.048000 -9.803779
0.053000 1.732708
0.058000 1.058971
0.063000 0.857804
0.068000 -0.275161
0.073000 1.105957
0.078000 -0.035654
0.083000 1.660728
0.088000 1.414562
0.093000 0.782179
0.098000 2.956713
0.103000 3.057523
0.108000 2.771358
0.113000 2.491502
0.118000 2.218134
0.123000 3.379692
0.128000 3.804520
0.133000 3.699291
0.138000 3.594671
0.143000 3.490632
0.148000 3.387158
0.153000 3.284242
0.158000 3.181885
0.163000 3.080094
0.168000 2.978882
0.173000 2.878264
0.178000 2.849964
0.183000 2.782609
0.188000 2.689777
0.193000 2.597497
0.198000 2.505794
0.203000 2.414690
0.208000 2.324208
0.213000 2.234375
0.218000 2.145214
0.223000 2.056750
0.228000 1.969008
0.233000 1.753755
0.238000 1.014652
0.243000 0.895979
0.248000 0.779381
0.253000 0.664891
0.258000 0.552539
0.263000 0.442353
0.268000 0.304212
0.273000 -0.506174
0.278000 -0.632384
0.283000 -0.754826
0.288000 -0.873509
0.293000 -1.187831
0.298000 -1.731321
0.303000 -1.852298
0.308000 -1.968149
0.313000 -2.078943
0.318000 -2.674678
0.323000 -2.825399
0.328000 -2.928007
0.333000 -3.024671
0.338000 -3.107181
0.343000 -3.191067
0.348000 -3.247377
0.353000 -3.094011
0.358000 -3.161799
0.363000 -3.006914
0.368000 -3.056752
0.373000 -3.110758
0.378000 -2.872412
0.383000 -2.651853
0.388000 -2.693750
0.393000 -2.733030
0.398000 -2.769762
0.403000 -2.618358
0.408000 -2.310762
0.413000 -2.339665
0.418000 -2.366872
0.423000 -2.392429
0.428000 -2.416378
0.433000 -2.178482
0.438000 -2.061514
0.443000 -2.080903
0.448000 -2.099174
0.453000 -2.116355
0.458000 -2.132475
0.463000 -2.007033
0.468000 -1.717099
0.473000 -1.730355
0.478000 -1.742927
0.483000 -1.754830
0.488000 -1.766078
0.493000 -1.776688
0.498000 -1.698025
0.503000 -1.972419
0.508000 -1.964287
0.513000 -1.956156
0.518000 -1.948024
0.523000 -1.939893
0.528000 -1.931762
0.533000 -1.923630
0.538000 -1.743454
0.543000 -1.628703
0.548000 -1.622782
0.553000 -1.616861
0.558000 -1.610941
0.563000 -1.605020
0.568000 -1.599099
0.573000 -1.593179
0.578000 -1.560155
0.583000 -1.344314
0.588000 -1.340039
0.593000 -1.335763
0.598000 -1.331487
0.603000 -1.327211
0.608000 -1.322935
0.613000 -1.318659
0.618000 -1.314383
0.623000 -1.310107
0.628000 -1.203958
0.633000 -1.158719
0.638000 -1.155333
0.643000 -1.151947
0.648000 -1.148561
0.653000 -1.145175
0.658000 -1.141789
0.663000 -1.138403
0.668000 -1.135017
0.673000 -1.131631
0.678000 -1.060804
0.683000 -0.949706
0.688000 -0.947295
0.693000 -0.944883
0.698000 -0.942472
0.703000 -0.940060
0.708000 -0.937648
0.713000 -0.935237
0.718000 -0.932825
0.723000 -0.930414
0.728000 -0.928002
0.733000 -0.925591
0.738000 -0.824113
0.743000 -0.802308
0.748000 -0.800479
0.753000 -0.798650
0.758000 -0.796820
0.763000 -0.794991
0.768000 -0.793162
0.773000 -0.791332
0.778000 -0.789503
0.783000 -0.787674
0.788000 -0.785844
0.793000 -0.784015
0.798000 -0.770991
0.803000 -0.680034
0.808000 -0.678646
0.813000 -0.677257
0.818000 -0.675868
0.823000 -0.674479
0.828000 -0.673091
0.833000 -0.671702
0.838000 -0.670313
0.843000 -0.668925
0.848000 -0.667536
0.853000 -0.666147
0.858000 -0.664758
0.863000 -0.663370
0.868000 -0.657822
0.873000 -0.573894
0.878000 -0.572846
0.883000 -0.571798
0.888000 -0.570750
0.893000 -0.569703
0.898000 -0.568655
0.903000 -0.567607
0.908000 -0.566559
0.913000 -0.565511
0.918000 -0.564464
0.923000 -0.563416
0.928000 -0.562368
0.933000 -0.561320
0.938000 -0.560272
0.943000 -0.559225
0.948000 -0.537688
0.953000 -0.480121
0.958000 -0.479343
0.963000 -0.478565
0.968000 -0.477787
0.973000 -0.477009
0.978000 -0.476232
0.983000 -0.475454
0.988000 -0.474676
0.993000 -0.473898
0.998000 -0.473120
1.003000 -0.472342
1.008000 -0.471565
1.013000 -0.470787
1.018000 -0.470009
1.023000 -0.469231
1.028000 -0.468453
1.033000 -0.467675
1.038000 -0.427544
1.043000 -0.402735
1.048000 -0.402155
1.053000 -0.401574
1.058000 -0.400994
1.063000 -0.400413
1.068000 -0.399833
1.073000 -0.399253
1.078000 -0.398672
1.083000 -0.398092
1.088000 -0.397512
1.093000 -0.396931
1.098000 -0.396351
1.103000 -0.395770
1.108000 -0.395190
1.113000 -0.394610
1.118000 -0.394029
1.123000 -0.393449
1.128000 -0.392868
1.133000 -0.392288
1.138000 -0.364747
1.143000 -0.341822
1.148000 -0.341379
1.153000 -0.340936
1.158000 -0.340493
1.163000 -0.340049
1.168000 -0.339606
1.173000 -0.339163
1.178000 -0.338720
1.183000 -0.338277
1.188000 -0.337834
1.193000 -0.337391
1.198000 -0.336948
1.203000 -0.336505
1.208000 -0.336062
1.213000 -0.335618
1.218000 -0.335175
1.223000 -0.334732
1.228000 -0.334289
1.233000 -0.333846
1.238000 -0.333403
1.243000 -0.332960
1.248000 -0.332517
1.253000 -0.322701
1.258000 -0.285425
1.263000 -0.285096
1.268000 -0.284768
1.273000 -0.284440
1.278000 -0.284112
1.283000 -0.283784
1.288000 -0.283456
1.293000 -0.283128
1.298000 -0.282799
1.303000 -0.282471
1.308000 -0.282143
1.313000 -0.281815
1.318000 -0.281487
1.323000 -0.281159
1.328000 -0.280831
1.333000 -0.280502
1.338000 -0.280174
1.343000 -0.279846
1.348000 -0.279518
1.353000 -0.279190
1.358000 -0.278862
1.363000 -0.278534
1.368000 -0.278205
1.373000 -0.277877
1.378000 -0.277549
1.383000 -0.277221
1.388000 -0.276893
1.393000 -0.242698
1.398000 -0.239873
1.403000 -0.239626
1.408000 -0.239379
1.413000 -0.239131
1.418000 -0.238884
1.423000 -0.238637
1.428000 -0.238389
1.433000 -0.238142
1.438000 -0.237895
1.443000 -0.237647
1.448000 -0.237400
1.453000 -0.237153
1.458000 -0.236905
1.463000 -0.236658
1.468000 -0.236411
1.473000 -0.236163
1.478000 -0.235916
1.483000 -0.235669
1.488000 -0.235421
1.493000 -0.235174
1.498000 -0.234927
1.503000 -0.234679
1.508000 -0.234432
1.513000 -0.234185
1.518000 -0.233937
1.523000 -0.233690
1.528000 -0.233443
1.533000 -0.233195
1.538000 -0.232948
1.543000 -0.232701
1.548000 -0.232453
1.553000 -0.220748
1.558000 -0.198009
1.563000 -0.197829
1.568000 -0.197649
1.573000 -0.197469
1.578000 -0.197289
1.583000 -0.197108
1.588000 -0.196928
1.593000 -0.196748
1.598000 -0.196568
1.603000 -0.196388
1.608000 -0.196207
1.613000 -0.196027
1.618000 -0.195847
1.623000 -0.195667
1.628000 -0.195487
1.633000 -0.195307
1.638000 -0.195126
1.643000 -0.194946
1.648000 -0.194766
1.653000 -0.194586
1.658000 -0.194406
1.663000 -0.194225
1.668000 -0.194045
1.673000 -0.193865
1.678000 -0.193685
1.683000 -0.193505
1.688000 -0.193325
1.693000 -0.193144
1.698000 -0.192964
1.703000 -0.192784
1.708000 -0.192604
1.713000 -0.192424
1.718000 -0.192243
1.723000 -0.192063
1.728000 -0.191883
1.733000 -0.191703
1.738000 -0.191523
1.743000 -0.191343
1.748000 -0.188166
1.753000 -0.164689
1.758000 -0.164555
1.763000 -0.164421
1.768000 -0.164287
1.773000 -0.164153
1.778000 -0.164020
1.783000 -0.163886
1.788000 -0.163752
1.793000 -0.163618
1.798000 -0.163484
1.803000 -0.163350
1.808000 -0.163216
1.813000 -0.163082
1.818000 -0.162948
1.823000 -0.162814
1.828000 -0.162680
1.833000 -0.162546
1.838000 -0.162412
1.843000 -0.162278
1.848000 -0.162144
1.853000 -0.162010
1.858000 -0.161876
1.863000 -0.161742
1.868000 -0.161608
1.873000 -0.161474
1.878000 -0.161340
1.883000 -0.161206
1.888000 -0.161072
1.893000 -0.160938
1.898000 -0.160804
1.903000 -0.160670
1.908000 -0.160536
1.913000 -0.160403
1.918000 -0.160269
1.923000 -0.160135
1.928000 -0.160001
1.933000 -0.159867
1.938000 -0.159733
1.943000 -0.159599
1.948000 -0.159465
1.953000 -0.159331
1.958000 -0.159197
1.963000 -0.159063
1.968000 -0.158929
1.973000 -0.158795
1.978000 -0.158661
1.983000 -0.149391
1.988000 -0.134743
1.993000 -0.134646
1.998000 -0.134549
2.003000 -0.134452
2.008000 -0.134355
2.013000 -0.134258
2.018000 -0.134161
2.023000 -0.134064
2.028000 -0.133967
2.033000 -0.133870
2.038000 -0.133774
2.043000 -0.133677
2.048000 -0.133580
2.053000 -0.133483
2.058000 -0.133386
2.063000 -0.133289
2.068000 -0.133192
2.073000 -0.133095
2.078000 -0.132998
2.083000 -0.132901
2.088000 -0.132804
2.093000 -0.132707
2.098000 -0.132610
2.103000 -0.132514
2.108000 -0.132417
2.113000 -0.132320
2.118000 -0.132223
2.123000 -0.132126
2.128000 -0.132029
2.133000 -0.131932
2.138000 -0.131835
2.143000 -0.131738
2.148000 -0.131641
2.153000 -0.131544
2.158000 -0.131447
2.163000 -0.131350
2.168000 -0.131254
2.173000 -0.131157
2.178000 -0.131060
2.183000 -0.130963
2.188000 -0.130866
2.193000 -0.130769
2.198000 -0.130672
2.203000 -0.130575
2.208000 -0.130478
2.213000 -0.130381
2.218000 -0.130284
2.223000 -0.130187
2.228000 -0.130090
2.233000 -0.129994
2.238000 -0.129897
2.243000 -0.129800
2.248000 -0.129703
2.253000 -0.129606
2.258000 -0.124815
2.263000 -0.109268
2.268000 -0.109199
2.273000 -0.109130
2.278000 -0.109061
2.283000 -0.108992
2.288000 -0.108923
2.293000 -0.108854
2.298000 -0.108785
2.303000 -0.108716
2.308000 -0.108646
2.313000 -0.108577
2.318000 -0.108508
2.323000 -0.108439
2.328000 -0.108370
2.333000 -0.108301
2.338000 -0.108232
2.343000 -0.108163
2.348000 -0.108094
2.353000 -0.108025
2.358000 -0.107956
2.363000 -0.107886
2.368000 -0.107817
2.373000 -0.107748
2.378000 -0.107679
2.383000 -0.107610
2.388000 -0.107541
2.393000 -0.107472
2.398000 -0.107403
2.403000 -0.107334
2.408000 -0.107265
2.413000 -0.107196
2.418000 -0.107127
2.423000 -0.107057
2.428000 -0.106988
2.433000 -0.106919
2.438000 -0.106850
2.443000 -0.106781
2.448000 -0.106712
2.453000 -0.106643
2.458000 -0.106574
2.463000 -0.106505
2.468000 -0.106436
2.473000 -0.106367
2.478000 -0.106297
2.483000 -0.106228
2.488000 -0.106159
2.493000 -0.106090
2.498000 -0.106021
2.503000 -0.105952
2.508000 -0.105883
2.513000 -0.105814
2.518000 -0.105745
2.523000 -0.105676
2.528000 -0.105607
2.533000 -0.105538
2.538000 -0.105468
2.543000 -0.105399
2.548000 -0.105330
2.553000 -0.105261
2.558000 -0.105192
2.563000 -0.105123
2.568000 -0.105054
2.573000 -0.104985
2.578000 -0.097472
2.583000 -0.088481
2.588000 -0.088432
2.593000 -0.088383
2.598000 -0.088333
2.603000 -0.088284
2.608000 -0.088235
2.613000 -0.088186
2.618000 -0.088137
2.623000 -0.088087
2.628000 -0.088038
2.633000 -0.087989
2.638000 -0.087940
2.643000 -0.087891
2.648000 -0.087841
2.653000 -0.087792
2.658000 -0.087743
2.663000 -0.087694
2.668000 -0.087645
2.673000 -0.087596
2.678000 -0.087546
2.683000 -0.087497
2.688000 -0.087448
2.693000 -0.087399
2.698000 -0.087350
2.703000 -0.087300
2.708000 -0.087251
2.713000 -0.087202
2.718000 -0.087153
2.723000 -0.087104
2.728000 -0.087054
2.733000 -0.087005
2.738000 -0.086956
2.743000 -0.086907
2.748000 -0.086858
2.753000 -0.086808
2.758000 -0.086759
2.763000 -0.086710
2.768000 -0.086661
2.773000 -0.086612
2.778000 -0.086562
2.783000 -0.086513
2.788000 -0.086464
2.793000 -0.086415
2.798000 -0.086366
2.803000 -0.086317
2.808000 -0.086267
2.813000 -0.086218
2.818000 -0.086169
2.823000 -0.086120
2.828000 -0.086071
2.833000 -0.086021
2.838000 -0.085972
2.843000 -0.085923
2.848000 -0.085874
2.853000 -0.085825
2.858000 -0.085775
2.863000 -0.085726
2.868000 -0.085677
2.873000 -0.085628
2.878000 -0.085579
2.883000 -0.085529
2.888000 -0.085480
2.893000 -0.085431
2.898000 -0.085382
2.903000 -0.085333
2.908000 -0.085283
2.913000 -0.085234
2.918000 -0.085185
2.923000 -0.085136
2.928000 -0.085087
2.933000 -0.085038
2.938000 -0.084988
2.943000 -0.078045
2.948000 -0.071861
2.953000 -0.071825
2.958000 -0.071790
2.963000 -0.071755
2.968000 -0.071720
2.973000 -0.071684
2.978000 -0.071649
2.983000 -0.071614
2.988000 -0.071579
2.993000 -0.071543
2.998000 -0.071508
3.003000 -0.071473
3.008000 -0.071438
3.013000 -0.071402
3.018000 -0.071367
3.023000 -0.071332
3.028000 -0.071297
3.033000 -0.071261
3.038000 -0.071226
3.043000 -0.071191
3.048000 -0.071156
3.053000 -0.071120
3.058000 -0.071085
3.063000 -0.071050
3.068000 -0.071015
3.073000 -0.070979
3.078000 -0.070944
3.083000 -0.070909
3.088000 -0.070874
3.093000 -0.070839
3.098000 -0.070803
3.103000 -0.070768
3.108000 -0.070733
3.113000 -0.070698
3.118000 -0.070662
3.123000 -0.070627
3.128000 -0.070592
3.133000 -0.070557
3.138000 -0.070521
3.143000 -0.070486
3.148000 -0.070451
3.153000 -0.070416
3.158000 -0.070380
3.163000 -0.070345
3.168000 -0.070310
3.173000 -0.070275
3.178000 -0.070239
3.183000 -0.070204
3.188000 -0.070169
3.193000 -0.070134
3.198000 -0.070098
3.203000 -0.070063
3.208000 -0.070028
3.213000 -0.069993
3.218000 -0.069957
3.223000 -0.069922
3.228000 -0.069887
3.233000 -0.069852
3.238000 -0.069816
3.243000 -0.069781
3.248000 -0.069746
3.253000 -0.069711
3.258000 -0.069675
3.263000 -0.069640
3.268000 -0.069605
3.273000 -0.069570
3.278000 -0.069534
3.283000 -0.069499
3.288000 -0.069464
3.293000 -0.069429
3.298000 -0.069393
3.303000 -0.069358
3.308000 -0.069323
3.313000 -0.069288
3.318000 -0.069253
3.323000 -0.069217
3.328000 -0.069182
3.333000 -0.069147
3.338000 -0.069112
3.343000 -0.069076
3.348000 -0.069041
3.353000 -0.069006
3.358000 -0.068971
3.363000 -0.058925
3.368000 -0.058591
3.373000 -0.058566
3.378000 -0.058540
3.383000 -0.058515
3.388000 -0.058489
3.393000 -0.058464
3.398000 -0.058438
3.403000 -0.058413
3.408000 -0.058387
3.413000 -0.058362
3.418000 -0.058337
3.423000 -0.058311
3.428000 -0.058286
3.433000 -0.058260
3.438000 -0.058235
3.443000 -0.058209
3.448000 -0.058184
3.453000 -0.058158
3.458000 -0.058133
3.463000 -0.058107
3.468000 -0.058082
3.473000 -0.058056
3.478000 -0.058031
3.483000 -0.058005
3.488000 -0.057980
3.493000 -0.057954
3.498000 -0.057929
3.503000 -0.057903
3.508000 -0.057878
3.513000 -0.057852
3.518000 -0.057827
3.523000 -0.057801
3.528000 -0.057776
3.533000 -0.057750
3.538000 -0.057725
3.543000 -0.057699
3.548000 -0.057674
3.553000 -0.057649
3.558000 -0.057623
3.563000 -0.057598
3.568000 -0.057572
3.573000 -0.057547
3.578000 -0.057521
3.583000 -0.057496
3.588000 -0.057470
3.593000 -0.057445
3.598000 -0.057419
3.603000 -0.057394
3.608000 -0.057368
3.613000 -0.057343
3.618000 -0.057317
3.623000 -0.057292
3.628000 -0.057266
3.633000 -0.057241
3.638000 -0.057215
3.643000 -0.057190
3.648000 -0.057164
3.653000 -0.057139
3.658000 -0.057113
3.663000 -0.057088
3.668000 -0.057062
3.673000 -0.057037
3.678000 -0.057012
3.683000 -0.056986
3.688000 -0.056961
3.693000 -0.056935
3.698000 -0.056910
3.703000 -0.056884
3.708000 -0.056859
3.713000 -0.056833
3.718000 -0.056808
3.723000 -0.056782
3.728000 -0.056757
3.733000 -0.056731
3.738000 -0.056706
3.743000 -0.056680
3.748000 -0.056655
3.753000 -0.056629
3.758000 -0.056604
3.763000 -0.056578
3.768000 -0.056553
3.773000 -0.056527
3.778000 -0.056502
3.783000 -0.056476
3.788000 -0.056451
3.793000 -0.056425
3.798000 -0.056400
3.803000 -0.056374
3.808000 -0.056349
3.813000 -0.056324
3.818000 -0.056298
3.823000 -0.056273
3.828000 -0.056247
3.833000 -0.056222
3.838000 -0.049507
3.843000 -0.046828
3.848000 -0.046810
3.853000 -0.046792
3.858000 -0.046775
3.863000 -0.046757
3.868000 -0.046739
3.873000 -0.046721
3.878000 -0.046704
3.883000 -0.046686
3.888000 -0.046668
3.893000 -0.046651
3.898000 -0.046633
3.903000 -0.046615
3.908000 -0.046598
3.913000 -0.046580
3.918000 -0.046562
3.923000 -0.046544
3.928000 -0.046527
3.933000 -0.046509
3.938000 -0.046491
3.943000 -0.046474
3.948000 -0.046456
3.953000 -0.046438
3.958000 -0.046420
3.963000 -0.046403
3.968000 -0.046385
3.973000 -0.046367
3.978000 -0.046350
3.983000 -0.046332
3.988000 -0.046314
3.993000 -0.046296
3.998000 -0.046279
4.003000 -0.046261
4.008000 -0.046243
4.013000 -0.046226
4.018000 -0.046208
4.023000 -0.046190
4.028000 -0.046173
4.033000 -0.046155
4.038000 -0.046137
4.043000 -0.046119
4.048000 -0.046102
4.053000 -0.046084
4.058000 -0.046066
4.063000 -0.046049
4.068000 -0.046031
4.073000 -0.046013
4.078000 -0.045995
4.083000 -0.045978
4.088000 -0.045960
4.093000 -0.045942
4.098000 -0.045925
4.103000 -0.045907
4.108000 -0.045889
4.113000 -0.045872
4.118000 -0.045854
4.123000 -0.045836
4.128000 -0.045818
4.133000 -0.045801
4.138000 -0.045783
4.143000 -0.045765
4.148000 -0.045748
4.153000 -0.045730
4.158000 -0.045712
4.163000 -0.045694
4.168000 -0.045677
4.173000 -0.045659
4.178000 -0.045641
4.183000 -0.045624
4.188000 -0.045606
4.193000 -0.045588
4.198000 -0.045571
4.203000 -0.045553
4.208000 -0.045535
4.213000 -0.045517
4.218000 -0.045500
4.223000 -0.045482
4.228000 -0.045464
4.233000 -0.045447
4.238000 -0.045429
4.243000 -0.045411
4.248000 -0.045393
4.253000 -0.045376
4.258000 -0.045358
4.263000 -0.045340
4.268000 -0.045323
4.273000 -0.045305
4.278000 -0.045287
4.283000 -0.045270
4.288000 -0.045252
4.293000 -0.045234
4.298000 -0.045216
4.303000 -0.045199
4.308000 -0.045181
4.313000 -0.045163
4.318000 -0.045146
4.323000 -0.045128
4.328000 -0.045110
4.333000 -0.045092
4.338000 -0.045075
4.343000 -0.045057
4.348000 -0.045039
4.353000 -0.045022
4.358000 -0.045004
4.363000 -0.044986
4.368000 -0.044969
4.373000 -0.044951
4.378000 -0.042603
4.383000 -0.038343
4.388000 -0.038330
4.393000 -0.038317
4.398000 -0.038304
4.403000 -0.038291
4.408000 -0.038278
4.413000 -0.038266
4.418000 -0.038253
4.423000 -0.038240
4.428000 -0.038227
4.433000 -0.038214
4.438000 -0.038201
4.443000 -0.038188
4.448000 -0.038175
4.453000 -0.038162
4.458000 -0.038149
4.463000 -0.038137
4.468000 -0.038124
4.473000 -0.038111
4.478000 -0.038098
4.483000 -0.038085
4.488000 -0.038072
4.493000 -0.038059
4.498000 -0.038046
4.503000 -0.038033
4.508000 -0.038020
4.513000 -0.038008
4.518000 -0.037995
4.523000 -0.037982
4.528000 -0.037969
4.533000 -0.037956
4.538000 -0.037943
4.543000 -0.037930
4.548000 -0.037917
4.553000 -0.037904
4.558000 -0.037891
4.563000 -0.037878
4.568000 -0.037866
4.573000 -0.037853
4.578000 -0.037840
4.583000 -0.037827
4.588000 -0.037814
4.593000 -0.037801
4.598000 -0.037788
4.603000 -0.037775
4.608000 -0.037762
4.613000 -0.037749
4.618000 -0.037737
4.623000 -0.037724
4.628000 -0.037711
4.633000 -0.037698
4.638000 -0.037685
4.643000 -0.037672
4.648000 -0.037659
4.653000 -0.037646
4.658000 -0.037633
4.663000 -0.037620
4.668000 -0.037608
4.673000 -0.037595
4.678000 -0.037582
4.683000 -0.037569
4.688000 -0.037556
4.693000 -0.037543
4.698000 -0.037530
4.703000 -0.037517
4.708000 -0.037504
4.713000 -0.037491
4.718000 -0.037479
4.723000 -0.037466
4.728000 -0.037453
4.733000 -0.037440
4.738000 -0.037427
4.743000 -0.037414
4.748000 -0.037401
4.753000 -0.037388
4.758000 -0.037375
4.763000 -0.037362
4.768000 -0.037350
4.773000 -0.037337
4.778000 -0.037324
4.783000 -0.037311
4.788000 -0.037298
4.793000 -0.037285
4.798000 -0.037272
4.803000 -0.037259
4.808000 -0.037246
4.813000 -0.037233
4.818000 -0.037220
4.823000 -0.037208
4.828000 -0.037195
4.833000 -0.037182
4.838000 -0.037169
4.843000 -0.037156
4.848000 -0.037143
4.853000 -0.037130
4.858000 -0.037117
4.863000 -0.037104
4.868000 -0.037091
4.873000 -0.037079
4.878000 -0.037066
4.883000 -0.037053
4.888000 -0.037040
4.893000 -0.037027
4.898000 -0.037014
4.903000 -0.037001
4.908000 -0.036988
4.913000 -0.036975
4.918000 -0.036962
4.923000 -0.036950
4.928000 -0.036937
4.933000 -0.036924
4.938000 -0.036911
4.943000 -0.036898
4.948000 -0.036885
4.953000 -0.036872
4.958000 -0.036859
4.963000 -0.036846
4.968000 -0.036833
4.973000 -0.036821
4.978000 -0.036808
4.983000 -0.036795
4.988000 -0.035140
4.993000 -0.031119
4.998000 -0.031109
5.003000 -0.031100
5.008000 -0.031091
5.013000 -0.031082
5.018000 -0.031072
5.023000 -0.031063
5.028000 -0.031054
5.033000 -0.031045
5.038000 -0.031036
5.043000 -0.031026
5.048000 -0.031017
5.053000 -0.031008
5.058000 -0.030999
5.063000 -0.030989
5.068000 -0.030980
5.073000 -0.030971
5.078000 -0.030962
5.083000 -0.030952
5.088000 -0.030943
5.093000 -0.030934
5.098000 -0.030925
5.103000 -0.030915
5.108000 -0.030906
5.113000 -0.030897
5.118000 -0.030888
5.123000 -0.030878
5.128000 -0.030869
5.133000 -0.030860
5.138000 -0.030851
5.143000 -0.030841
5.148000 -0.030832
5.153000 -0.030823
5.158000 -0.030814
5.163000 -0.030805
5.168000 -0.030795
5.173000 -0.030786
5.178000 -0.030777
5.183000 -0.030768
5.188000 -0.030758
5.193000 -0.030749
5.198000 -0.030740
5.203000 -0.030731
5.208000 -0.030721
5.213000 -0.030712
5.218000 -0.030703
5.223000 -0.030694
5.228000 -0.030684
5.233000 -0.030675
5.238000 -0.030666
5.243000 -0.030657
5.248000 -0.030647
5.253000 -0.030638
5.258000 -0.030629
5.263000 -0.030620
5.268000 -0.030610
5.273000 -0.030601
5.278000 -0.030592
5.283000 -0.030583
5.288000 -0.030573
5.293000 -0.030564
5.298000 -0.030555
5.303000 -0.030546
5.308000 -0.030537
5.313000 -0.030527
5.318000 -0.030518
5.323000 -0.030509
5.328000 -0.030500
5.333000 -0.030490
5.338000 -0.030481
5.343000 -0.030472
5.348000 -0.030463
5.353000 -0.030453
5.358000 -0.030444
5.363000 -0.030435
5.368000 -0.030426
5.373000 -0.030416
5.378000 -0.030407
5.383000 -0.030398
5.388000 -0.030389
5.393000 -0.030379
5.398000 -0.030370
5.403000 -0.030361
5.408000 -0.030352
5.413000 -0.030342
5.418000 -0.030333
5.423000 -0.030324
5.428000 -0.030315
5.433000 -0.030306
5.438000 -0.030296
5.443000 -0.030287
5.448000 -0.030278
5.453000 -0.030269
5.458000 -0.030259
5.463000 -0.030250
5.468000 -0.030241
5.473000 -0.030232
5.478000 -0.030222
5.483000 -0.030213
5.488000 -0.030204
5.493000 -0.030195
5.498000 -0.030185
5.503000 -0.030176
5.508000 -0.030167
5.513000 -0.030158
5.518000 -0.030148
5.523000 -0.030139
5.528000 -0.030130
5.533000 -0.030121
5.538000 -0.030111
5.543000 -0.030102
5.548000 -0.030093
5.553000 -0.030084
5.558000 -0.030074
5.563000 -0.030065
5.568000 -0.030056
5.573000 -0.030047
5.578000 -0.030038
5.583000 -0.030028
5.588000 -0.030019
5.593000 -0.030010
5.598000 -0.030001
5.603000 -0.029991
5.608000 -0.029982
5.613000 -0.029973
5.618000 -0.029964
5.623000 -0.029954
5.628000 -0.029945
5.633000 -0.029936
5.638000 -0.029927
5.643000 -0.029917
5.648000 -0.029908
5.653000 -0.029899
5.658000 -0.029890
5.663000 -0.029880
5.668000 -0.029871
5.673000 -0.029862
5.678000 -0.029853
5.683000 -0.025189
5.688000 -0.025125
5.693000 -0.025119
5.698000 -0.025112
5.703000 -0.025106
5.708000 -0.025099
5.713000 -0.025093
5.718000 -0.025086
5.723000 -0.025080
5.728000 -0.025073
5.733000 -0.025067
5.738000 -0.025060
5.743000 -0.025053
5.748000 -0.025047
5.753000 -0.025040
5.758000 -0.025034
5.763000 -0.025027
5.768000 -0.025021
5.773000 -0.025014
5.778000 -0.025008
5.783000 -0.025001
5.788000 -0.024994
5.793000 -0.024988
5.798000 -0.024981
5.803000 -0.024975
5.808000 -0.024968
5.813000 -0.024962
5.818000 -0.024955
5.823000 -0.024949
5.828000 -0.024942
5.833000 -0.024935
5.838000 -0.024929
5.843000 -0.024922
5.848000 -0.024916
5.853000 -0.024909
5.858000 -0.024903
5.863000 -0.024896
5.868000 -0.024890
5.873000 -0.024883
5.878000 -0.024876
5.883000 -0.024870
5.888000 -0.024863
5.893000 -0.024857
5.898000 -0.024850
5.903000 -0.024844
5.908000 -0.024837
5.913000 -0.024831
5.918000 -0.024824
5.923000 -0.024818
5.928000 -0.024811
5.933000 -0.024804
5.938000 -0.024798
5.943000 -0.024791
5.948000 -0.024785
5.953000 -0.024778
5.958000 -0.024772
5.963000 -0.024765
5.968000 -0.024759
5.973000 -0.024752
5.978000 -0.024745
5.983000 -0.024739
5.988000 -0.024732
5.993000 -0.024726
5.998000 -0.024719
6.003000 -0.024713
6.008000 -0.024706
6.013000 -0.024700
6.018000 -0.024693
6.023000 -0.024686
6.028000 -0.024680
6.033000 -0.024673
6.038000 -0.024667
6.043000 -0.024660
6.048000 -0.024654
6.053000 -0.024647
6.058000 -0.024641
6.063000 -0.024634
6.068000 -0.024627
6.073000 -0.024621
6.078000 -0.024614
6.083000 -0.024608
6.088000 -0.024601
6.093000 -0.024595
6.098000 -0.024588
6.103000 -0.024582
6.108000 -0.024575
6.113000 -0.024568
6.118000 -0.024562
6.123000 -0.024555
6.128000 -0.024549
6.133000 -0.024542
6.138000 -0.024536
6.143000 -0.024529
6.148000 -0.024523
6.153000 -0.024516
6.158000 -0.024510
6.163000 -0.024503
6.168000 -0.024496
6.173000 -0.024490
6.178000 -0.024483
6.183000 -0.024477
6.188000 -0.024470
6.193000 -0.024464
6.198000 -0.024457
6.203000 -0.024451
6.208000 -0.024444
6.213000 -0.024437
6.218000 -0.024431
6.223000 -0.024424
6.228000 -0.024418
6.233000 -0.024411
6.238000 -0.024405
6.243000 -0.024398
6.248000 -0.024392
6.253000 -0.024385
6.258000 -0.024378
6.263000 -0.024372
6.268000 -0.024365
6.273000 -0.024359
6.278000 -0.024352
6.283000 -0.024346
6.288000 -0.024339
6.293000 -0.024333
6.298000 -0.024326
6.303000 -0.024319
6.308000 -0.024313
6.313000 -0.024306
6.318000 -0.024300
6.323000 -0.024293
6.328000 -0.024287
6.333000 -0.024280
6.338000 -0.024274
6.343000 -0.024267
6.348000 -0.024260
6.353000 -0.024254
6.358000 -0.024247
6.363000 -0.024241
6.368000 -0.024234
6.373000 -0.024228
6.378000 -0.024221
6.383000 -0.024215
6.388000 -0.024208
6.393000 -0.024202
6.398000 -0.024195
6.403000 -0.024188
6.408000 -0.024182
6.413000 -0.024175
6.418000 -0.024169
6.423000 -0.024162
6.428000 -0.024156
6.433000 -0.024149
6.438000 -0.024143
6.443000 -0.024136
6.448000 -0.024129
6.453000 -0.024123
6.458000 -0.024116
6.463000 -0.024110
6.468000 -0.022196
6.473000 -0.020332
6.478000 -0.020327
6.483000 -0.020322
6.488000 -0.020318
6.493000 -0.020313
6.498000 -0.020308
6.503000 -0.020304
6.508000 -0.020299
6.513000 -0.020294
6.518000 -0.020290
6.523000 -0.020285
6.528000 -0.020280
6.533000 -0.020276
6.538000 -0.020271
6.543000 -0.020266
6.548000 -0.020262
6.553000 -0.020257
6.558000 -0.020252
6.563000 -0.020248
6.568000 -0.020243
6.573000 -0.020238
6.578000 -0.020234
6.583000 -0.020229
6.588000 -0.020224
6.593000 -0.020220
6.598000 -0.020215
6.603000 -0.020210
6.608000 -0.020206
6.613000 -0.020201
6.618000 -0.020196
6.623000 -0.020192
6.628000 -0.020187
6.633000 -0.020182
6.638000 -0.020178
6.643000 -0.020173
6.648000 -0.020168
6.653000 -0.020164
6.658000 -0.020159
6.663000 -0.020154
6.668000 -0.020150
6.673000 -0.020145
6.678000 -0.020140
6.683000 -0.020136
6.688000 -0.020131
6.693000 -0.020126
6.698000 -0.020122
6.703000 -0.020117
6.708000 -0.020112
6.713000 -0.020108
6.718000 -0.020103
6.723000 -0.020098
6.728000 -0.020094
6.733000 -0.020089
6.738000 -0.020084
6.743000 -0.020080
6.748000 -0.020075
6.753000 -0.020070
6.758000 -0.020066
6.763000 -0.020061
6.768000 -0.020056
6.773000 -0.020052
6.778000 -0.020047
6.783000 -0.020042
6.788000 -0.020038
6.793000 -0.020033
6.798000 -0.020028
6.803000 -0.020024
6.808000 -0.020019
6.813000 -0.020014
6.818000 -0.020010
6.823000 -0.020005
6.828000 -0.020000
6.833000 -0.019996
6.838000 -0.019991
6.843000 -0.019986
6.848000 -0.019982
6.853000 -0.019977
6.858000 -0.019972
6.863000 -0.019968
6.868000 -0.019963
6.873000 -0.019958
6.878000 -0.019954
6.883000 -0.019949
6.888000 -0.019944
6.893000 -0.019940
6.898000 -0.019935
6.903000 -0.019930
6.908000 -0.019926
6.913000 -0.019921
6.918000 -0.019916
6.923000 -0.019912
6.928000 -0.019907
6.933000 -0.019902
6.938000 -0.019898
6.943000 -0.019893
6.948000 -0.019888
6.953000 -0.019884
6.958000 -0.019879
6.963000 -0.019874
6.968000 -0.019870
6.973000 -0.019865
6.978000 -0.019860
6.983000 -0.019856
6.988000 -0.019851
6.993000 -0.019846
6.998000 -0.019842
7.003000 -0.019837
7.008000 -0.019832
7.013000 -0.019828
7.018000 -0.019823
7.023000 -0.019818
7.028000 -0.019814
7.033000 -0.019809
7.038000 -0.019804
7.043000 -0.019800
7.048000 -0.019795
7.053000 -0.019790
7.058000 -0.019786
7.063000 -0.019781
7.068000 -0.019776
7.073000 -0.019772
7.078000 -0.019767
7.083000 -0.019762
7.088000 -0.019758
7.093000 -0.019753
7.098000 -0.019748
7.103000 -0.019744
7.108000 -0.019739
7.113000 -0.019734
7.118000 -0.019730
7.123000 -0.019725
7.128000 -0.019720
7.133000 -0.019716
7.138000 -0.019711
7.143000 -0.019706
7.148000 -0.019702
7.153000 -0.019697
7.158000 -0.019692
7.163000 -0.019688
7.168000 -0.019683
7.173000 -0.019678
7.178000 -0.019674
7.183000 -0.019669
7.188000 -0.019664
7.193000 -0.019660
7.198000 -0.019655
7.203000 -0.019650
7.208000 -0.019646
7.213000 -0.019641
7.218000 -0.019636
7.223000 -0.019632
7.228000 -0.019627
7.233000 -0.019622
7.238000 -0.019618
7.243000 -0.019613
7.248000 -0.019608
7.253000 -0.019604
7.258000 -0.019599
7.263000 -0.019594
7.268000 -0.019590
7.273000 -0.019585
7.278000 -0.019580
7.283000 -0.019576
7.288000 -0.019571
7.293000 -0.019566
7.298000 -0.019562
7.303000 -0.019557
7.308000 -0.019553
7.313000 -0.019548
7.318000 -0.019543
7.323000 -0.019539
7.328000 -0.019534
7.333000 -0.019529
7.338000 -0.019525
7.343000 -0.019520
7.348000 -0.019515
7.353000 -0.019511
7.358000 -0.019506
7.363000 -0.017884
7.368000 -0.016415
7.373000 -0.016412
7.378000 -0.016409
7.383000 -0.016405
7.388000 -0.016402
7.393000 -0.016399
7.398000 -0.016396
7.403000 -0.016392
7.408000 -0.016389
7.413000 -0.016386
7.418000 -0.016382
7.423000 -0.016379
7.428000 -0.016376
7.433000 -0.016372
7.438000 -0.016369
7.443000 -0.016366
7.448000 -0.016362
7.453000 -0.016359
7.458000 -0.016356
7.463000 -0.016353
7.468000 -0.016349
7.473000 -0.016346
7.478000 -0.016343
7.483000 -0.016339
7.488000 -0.016336
7.493000 -0.016333
7.498000 -0.016329
7.503000 -0.016326
7.508000 -0.016323
7.513000 -0.016319
7.518000 -0.016316
7.523000 -0.016313
7.528000 -0.016310
7.533000 -0.016306
7.538000 -0.016303
7.543000 -0.016300
7.548000 -0.016296
7.553000 -0.016293
7.558000 -0.016290
7.563000 -0.016286
7.568000 -0.016283
7.573000 -0.016280
7.578000 -0.016276
7.583000 -0.016273
7.588000 -0.016270
7.593000 -0.016267
7.598000 -0.016263
7.603000 -0.016260
7.608000 -0.016257
7.613000 -0.016253
7.618000 -0.016250
7.623000 -0.016247
7.628000 -0.016243
7.633000 -0.016240
7.638000 -0.016237
7.643000 -0.016234
7.648000 -0.016230
7.653000 -0.016227
7.658000 -0.016224
7.663000 -0.016220
7.668000 -0.016217
7.673000 -0.016214
7.678000 -0.016210
7.683000 -0.016207
7.688000 -0.016204
7.693000 -0.016200
7.698000 -0.016197
7.703000 -0.016194
7.708000 -0.016191
7.713000 -0.016187
7.718000 -0.016184
7.723000 -0.016181
7.728000 -0.016177
7.733000 -0.016174
7.738000 -0.016171
7.743000 -0.016167
7.748000 -0.016164
7.753000 -0.016161
7.758000 -0.016157
7.763000 -0.016154
7.768000 -0.016151
7.773000 -0.016148
7.778000 -0.016144
7.783000 -0.016141
7.788000 -0.016138
7.793000 -0.016134
7.798000 -0.016131
7.803000 -0.016128
7.808000 -0.016124
7.813000 -0.016121
7.818000 -0.016118
7.823000 -0.016114
7.828000 -0.016111
7.833000 -0.016108
7.838000 -0.016105
7.843000 -0.016101
7.848000 -0.016098
7.853000 -0.016095
7.858000 -0.016091
7.863000 -0.016088
7.868000 -0.016085
7.873000 -0.016081
7.878000 -0.016078
7.883000 -0.016075
7.888000 -0.016071
7.893000 -0.016068
7.898000 -0.016065
7.903000 -0.016062
7.908000 -0.016058
7.913000 -0.016055
7.918000 -0.016052
7.923000 -0.016048
7.928000 -0.016045
7.933000 -0.016042
7.938000 -0.016038
7.943000 -0.016035
7.948000 -0.016032
7.953000 -0.016028
7.958000 -0.016025
7.963000 -0.016022
7.968000 -0.016019
7.973000 -0.016015
7.978000 -0.016012
7.983000 -0.016009
7.988000 -0.016005
7.993000 -0.016002
7.998000 -0.015999
8.003000 -0.015995
8.008000 -0.015992
8.013000 -0.015989
8.018000 -0.015986
8.023000 -0.015982
8.028000 -0.015979
8.033000 -0.015976
8.038000 -0.015972
8.043000 -0.015969
8.048000 -0.015966
8.053000 -0.015962
8.058000 -0.015959
8.063000 -0.015956
8.068000 -0.015952
8.073000 -0.015949
8.078000 -0.015946
8.083000 -0.015943
8.088000 -0.015939
8.093000 -0.015936
8.098000 -0.015933
8.103000 -0.015929
8.108000 -0.015926
8.113000 -0.015923
8.118000 -0.015919
8.123000 -0.015916
8.128000 -0.015913
8.133000 -0.015909
8.138000 -0.015906
8.143000 -0.015903
8.148000 -0.015900
8.153000 -0.015896
8.158000 -0.015893
8.163000 -0.015890
8.168000 -0.015886
8.173000 -0.015883
8.178000 -0.015880
8.183000 -0.015876
8.188000 -0.015873
8.193000 -0.015870
8.198000 -0.015866
8.203000 -0.015863
8.208000 -0.015860
8.213000 -0.015857
8.218000 -0.015853
8.223000 -0.015850
8.228000 -0.015847
8.233000 -0.015843
8.238000 -0.015840
8.243000 -0.015837
8.248000 -0.015833
8.253000 -0.015830
8.258000 -0.015827
8.263000 -0.015823
8.268000 -0.015820
8.273000 -0.015817
8.278000 -0.015814
8.283000 -0.015810
8.288000 -0.015807
8.293000 -0.015804
8.298000 -0.015800
8.303000 -0.015797
8.308000 -0.015794
8.313000 -0.015790
8.318000 -0.015787
8.323000 -0.015784
8.328000 -0.015780
8.333000 -0.015777
8.338000 -0.015774
8.343000 -0.015771
8.348000 -0.015767
8.353000 -0.015376
8.358000 -0.013384
8.363000 -0.013382
8.368000 -0.013380
8.373000 -0.013377
8.378000 -0.013375
8.383000 -0.013373
8.388000 -0.013370
8.393000 -0.013368
8.398000 -0.013365
8.403000 -0.013363
8.408000 -0.013361
8.413000 -0.013358
8.418000 -0.013356
8.423000 -0.013353
8.428000 -0.013351
8.433000 -0.013349
8.438000 -0.013346
8.443000 -0.013344
8.448000 -0.013342
8.453000 -0.013339
8.458000 -0.013337
8.463000 -0.013334
8.468000 -0.013332
8.473000 -0.013330
8.478000 -0.013327
8.483000 -0.013325
8.488000 -0.013322
8.493000 -0.013320
8.498000 -0.013318
8.503000 -0.013315
8.508000 -0.013313
8.513000 -0.013311
8.518000 -0.013308
8.523000 -0.013306
8.528000 -0.013303
8.533000 -0.013301
8.538000 -0.013299
8.543000 -0.013296
8.548000 -0.013294
8.553000 -0.013291
8.558000 -0.013289
8.563000 -0.013287
8.568000 -0.013284
8.573000 -0.013282
8.578000 -0.013280
8.583000 -0.013277
8.588000 -0.013275
8.593000 -0.013272
8.598000 -0.013270
8.603000 -0.013268
8.608000 -0.013265
8.613000 -0.013263
8.618000 -0.013260
8.623000 -0.013258
8.628000 -0.013256
8.633000 -0.013253
8.638000 -0.013251
8.643000 -0.013249
8.648000 -0.013246
8.653000 -0.013244
8.658000 -0.013241
8.663000 -0.013239
8.668000 -0.013237
8.673000 -0.013234
8.678000 -0.013232
8.683000 -0.013229
8.688000 -0.013227
8.693000 -0.013225
8.698000 -0.013222
8.703000 -0.013220
8.708000 -0.013218
8.713000 -0.013215
8.718000 -0.013213
8.723000 -0.013210
8.728000 -0.013208
8.733000 -0.013206
8.738000 -0.013203
8.743000 -0.013201
8.748000 -0.013198
8.753000 -0.013196
8.758000 -0.013194
8.763000 -0.013191
8.768000 -0.013189
8.773000 -0.013187
8.778000 -0.013184
8.783000 -0.013182
8.788000 -0.013179
8.793000 -0.013177
8.798000 -0.013175
8.803000 -0.013172
8.808000 -0.013170
8.813000 -0.013167
8.818000 -0.013165
8.823000 -0.013163
8.828000 -0.013160
8.833000 -0.013158
8.838000 -0.013156
8.843000 -0.013153
8.848000 -0.013151
8.853000 -0.013148
8.858000 -0.013146
8.863000 -0.013144
8.868000 -0.013141
8.873000 -0.013139
8.878000 -0.013136
8.883000 -0.013134
8.888000 -0.013132
8.893000 -0.013129
8.898000 -0.013127
8.903000 -0.013125
8.908000 -0.013122
8.913000 -0.013120
8.918000 -0.013117
8.923000 -0.013115
8.928000 -0.013113
8.933000 -0.013110
8.938000 -0.013108
8.943000 -0.013105
8.948000 -0.013103
8.953000 -0.013101
8.958000 -0.013098
8.963000 -0.013096
8.968000 -0.013094
8.973000 -0.013091
8.978000 -0.013089
8.983000 -0.013086
8.988000 -0.013084
8.993000 -0.013082
8.998000 -0.013079
9.003000 -0.013077
9.008000 -0.013074
9.013000 -0.013072
9.018000 -0.013070
9.023000 -0.013067
9.028000 -0.013065
9.033000 -0.013063
9.038000 -0.013060
9.043000 -0.013058
9.048000 -0.013055
9.053000 -0.013053
9.058000 -0.013051
9.063000 -0.013048
9.068000 -0.013046
9.073000 -0.013043
9.078000 -0.013041
9.083000 -0.013039
9.088000 -0.013036
9.093000 -0.013034
9.098000 -0.013032
9.103000 -0.013029
9.108000 -0.013027
9.113000 -0.013024
9.118000 -0.013022
9.123000 -0.013020
9.128000 -0.013017
9.133000 -0.013015
9.138000 -0.013012
9.143000 -0.013010
9.148000 -0.013008
9.153000 -0.013005
9.158000 -0.013003
9.163000 -0.013001
9.168000 -0.012998
9.173000 -0.012996
9.178000 -0.012993
9.183000 -0.012991
9.188000 -0.012989
9.193000 -0.012986
9.198000 -0.012984
9.203000 -0.012981
9.208000 -0.012979
9.213000 -0.012977
9.218000 -0.012974
9.223000 -0.012972
9.228000 -0.012970
9.233000 -0.012967
9.238000 -0.012965
9.243000 -0.012962
9.248000 -0.012960
9.253000 -0.012958
9.258000 -0.012955
9.263000 -0.012953
9.268000 -0.012950
9.273000 -0.012948
9.278000 -0.012946
9.283000 -0.012943
9.288000 -0.012941
9.293000 -0.012939
9.298000 -0.012936
9.303000 -0.012934
9.308000 -0.012931
9.313000 -0.012929
9.318000 -0.012927
9.323000 -0.012924
9.328000 -0.012922
9.333000 -0.012919
9.338000 -0.012917
9.343000 -0.012915
9.348000 -0.012912
9.353000 -0.012910
9.358000 -0.012908
9.363000 -0.012905
9.368000 -0.012903
9.373000 -0.012900
9.378000 -0.012898
9.383000 -0.012896
9.388000 -0.012893
9.393000 -0.012891
9.398000 -0.012888
9.403000 -0.012886
9.408000 -0.012884
9.413000 -0.012881
9.418000 -0.012879
9.423000 -0.012877
9.428000 -0.012874
9.433000 -0.012872
9.438000 -0.012869
9.443000 -0.012867
9.448000 -0.012865
9.453000 -0.012862
9.458000 -0.012860
9.463000 -0.012857
9.468000 -0.012855
9.473000 -0.012853
9.478000 -0.012850
9.483000 -0.012848
9.488000 -0.012846
9.493000 -0.012843
9.498000 -0.011653
9.503000 -0.010783
9.508000 -0.010781
9.513000 -0.010780
9.518000 -0.010778
9.523000 -0.010776
9.528000 -0.010775
9.533000 -0.010773
9.538000 -0.010771
9.543000 -0.010770
9.548000 -0.010768
9.553000 -0.010766
9.558000 -0.010765
9.563000 -0.010763
9.568000 -0.010761
9.573000 -0.010760
9.578000 -0.010758
9.583000 -0.010756
9.588000 -0.010755
9.593000 -0.010753
9.598000 -0.010751
9.603000 -0.010750
9.608000 -0.010748
9.613000 -0.010746
9.618000 -0.010744
9.623000 -0.010743
9.628000 -0.010741
9.633000 -0.010739
9.638000 -0.010738
9.643000 -0.010736
9.648000 -0.010734
9.653000 -0.010733
9.658000 -0.010731
9.663000 -0.010729
9.668000 -0.010728
9.673000 -0.010726
9.678000 -0.010724
9.683000 -0.010723
9.688000 -0.010721
9.693000 -0.010719
9.698000 -0.010718
9.703000 -0.010716
9.708000 -0.010714
9.713000 -0.010712
9.718000 -0.010711
9.723000 -0.010709
9.728000 -0.010707
9.733000 -0.010706
9.738000 -0.010704
9.743000 -0.010702
9.748000 -0.010701
9.753000 -0.010699
9.758000 -0.010697
9.763000 -0.010696
9.768000 -0.010694
9.773000 -0.010692
9.778000 -0.010691
9.783000 -0.010689
9.788000 -0.010687
9.793000 -0.010686
9.798000 -0.010684
9.803000 -0.010682
9.808000 -0.010681
9.813000 -0.010679
9.818000 -0.010677
9.823000 -0.010675
9.828000 -0.010674
9.833000 -0.010672
9.838000 -0.010670
9.843000 -0.010669
9.848000 -0.010667
9.853000 -0.010665
9.858000 -0.010664
9.863000 -0.010662
9.868000 -0.010660
9.873000 -0.010659
9.878000 -0.010657
9.883000 -0.010655
9.888000 -0.010654
9.893000 -0.010652
9.898000 -0.010650
9.903000 -0.010649
9.908000 -0.010647
9.913000 -0.010645
9.918000 -0.010644
9.923000 -0.010642
9.928000 -0.010640
9.933000 -0.010638
9.938000 -0.010637
9.943000 -0.010635
9.948000 -0.010633
9.953000 -0.010632
9.958000 -0.010630
9.963000 -0.010628
9.968000 -0.010627
9.973000 -0.010625
9.978000 -0.010623
9.983000 -0.010622
9.988000 -0.010620
9.993000 -0.010618
9.998000 -0.010617
10.003000 -0.010615
10.008000 -0.010613
10.013000 -0.010612
10.018000 -0.010610
10.023000 -0.010608
10.028000 -0.010607
10.033000 -0.010605
10.038000 -0.010603
10.043000 -0.010601
10.048000 -0.010600
10.053000 -0.010598
10.058000 -0.010596
10.063000 -0.010595
10.068000 -0.010593
10.073000 -0.010591
10.078000 -0.010590
10.083000 -0.010588
10.088000 -0.010586
10.093000 -0.010585
10.098000 -0.010583
10.103000 -0.010581
10.108000 -0.010580
10.113000 -0.010578
10.118000 -0.010576
10.123000 -0.010575
10.128000 -0.010573
10.133000 -0.010571
10.138000 -0.010570
10.143000 -0.010568
10.148000 -0.010566
10.153000 -0.010564
10.158000 -0.010563
10.163000 -0.010561
10.168000 -0.010559
10.173000 -0.010558
10.178000 -0.010556
10.183000 -0.010554
10.188000 -0.010553
10.193000 -0.010551
10.198000 -0.010549
10.203000 -0.010548
10.208000 -0.010546
10.213000 -0.010544
10.218000 -0.010543
10.223000 -0.010541
10.228000 -0.010539
10.233000 -0.010538
10.238000 -0.010536
10.243000 -0.010534
10.248000 -0.010533
10.253000 -0.010531
10.258000 -0.010529
10.263000 -0.010527
10.268000 -0.010526
10.273000 -0.010524
10.278000 -0.010522
10.283000 -0.010521
10.288000 -0.010519
10.293000 -0.010517
10.298000 -0.010516
10.303000 -0.010514
10.308000 -0.010512
10.313000 -0.010511
10.318000 -0.010509
10.323000 -0.010507
10.328000 -0.010506
10.333000 -0.010504
10.338000 -0.010502
10.343000 -0.010501
10.348000 -0.010499
10.353000 -0.010497
10.358000 -0.010496
10.363000 -0.010494
10.368000 -0.010492
10.373000 -0.010490
10.378000 -0.010489
10.383000 -0.010487
10.388000 -0.010485
10.393000 -0.010484
10.398000 -0.010482
10.403000 -0.010480
10.408000 -0.010479
10.413000 -0.010477
10.418000 -0.010475
10.423000 -0.010474
10.428000 -0.010472
10.433000 -0.010470
10.438000 -0.010469
10.443000 -0.010467
10.448000 -0.010465
10.453000 -0.010464
10.458000 -0.010462
10.463000 -0.010460
10.468000 -0.010458
10.473000 -0.010457
10.478000 -0.010455
10.483000 -0.010453
10.488000 -0.010452
10.493000 -0.010450
10.498000 -0.010448
10.503000 -0.010447
10.508000 -0.010445
10.513000 -0.010443
10.518000 -0.010442
10.523000 -0.010440
10.528000 -0.010438
10.533000 -0.010437
10.538000 -0.010435
10.543000 -0.010433
10.548000 -0.010432
10.553000 -0.010430
10.558000 -0.010428
10.563000 -0.010427
10.568000 -0.010425
10.573000 -0.010423
10.578000 -0.010421
10.583000 -0.010420
10.588000 -0.010418
10.593000 -0.010416
10.598000 -0.010415
10.603000 -0.010413
10.608000 -0.010411
10.613000 -0.010410
10.618000 -0.010408
10.623000 -0.010406
10.628000 -0.010405
10.633000 -0.010403
10.638000 -0.010401
10.643000 -0.010400
10.648000 -0.010398
10.653000 -0.010396
10.658000 -0.010395
10.663000 -0.010393
10.668000 -0.010391
10.673000 -0.010390
10.678000 -0.010388
10.683000 -0.010386
10.688000 -0.010384
10.693000 -0.010383
10.698000 -0.010381
10.703000 -0.010379
10.708000 -0.010378
10.713000 -0.010376
10.718000 -0.010374
10.723000 -0.010373
10.728000 -0.010371
10.733000 -0.010369
10.738000 -0.010368
10.743000 -0.010366
10.748000 -0.010364
10.753000 -0.010363
10.758000 -0.010361
10.763000 -0.010359
10.768000 -0.010358
10.773000 -0.010356
10.778000 -0.010354
10.783000 -0.010353
10.788000 -0.010351
10.793000 -0.010349
10.798000 -0.010015
10.803000 -0.008805
10.808000 -0.008803
10.813000 -0.008802
10.818000 -0.008801
10.823000 -0.008800
10.828000 -0.008799
10.833000 -0.008797
10.838000 -0.008796
10.843000 -0.008795
10.848000 -0.008794
10.853000 -0.008793
10.858000 -0.008791
10.863000 -0.008790
10.868000 -0.008789
10.873000 -0.008788
10.878000 -0.008786
10.883000 -0.008785
10.888000 -0.008784
10.893000 -0.008783
10.898000 -0.008782
10.903000 -0.008780
10.908000 -0.008779
10.913000 -0.008778
10.918000 -0.008777
10.923000 -0.008775
10.928000 -0.008774
10.933000 -0.008773
10.938000 -0.008772
10.943000 -0.008771
10.948000 -0.008769
10.953000 -0.008768
10.958000 -0.008767
10.963000 -0.008766
10.968000 -0.008764
10.973000 -0.008763
10.978000 -0.008762
10.983000 -0.008761
10.988000 -0.008760
10.993000 -0.008758
10.998000 -0.008757
11.003000 -0.008756
11.008000 -0.008755
11.013000 -0.008754
11.018000 -0.008752
11.023000 -0.008751
11.028000 -0.008750
11.033000 -0.008749
11.038000 -0.008747
11.043000 -0.008746
11.048000 -0.008745
11.053000 -0.008744
11.058000 -0.008743
11.063000 -0.008741
11.068000 -0.008740
11.073000 -0.008739
11.078000 -0.008738
11.083000 -0.008736
11.088000 -0.008735
11.093000 -0.008734
11.098000 -0.008733
11.103000 -0.008732
11.108000 -0.008730
11.113000 -0.008729
11.118000 -0.008728
11.123000 -0.008727
11.128000 -0.008726
11.133000 -0.008724
11.138000 -0.008723
11.143000 -0.008722
11.148000 -0.008721
11.153000 -0.008719
11.158000 -0.008718
11.163000 -0.008717
11.168000 -0.008716
11.173000 -0.008715
11.178000 -0.008713
11.183000 -0.008712
11.188000 -0.008711
11.193000 -0.008710
11.198000 -0.008708
11.203000 -0.008707
11.208000 -0.008706
11.213000 -0.008705
11.218000 -0.008704
11.223000 -0.008702
11.228000 -0.008701
11.233000 -0.008700
11.238000 -0.008699
11.243000 -0.008697
11.248000 -0.008696
11.253000 -0.008695
11.258000 -0.008694
11.263000 -0.008693
11.268000 -0.008691
11.273000 -0.008690
11.278000 -0.008689
11.283000 -0.008688
11.288000 -0.008687
11.293000 -0.008685
11.298000 -0.008684
11.303000 -0.008683
11.308000 -0.008682
11.313000 -0.008680
11.318000 -0.008679
11.323000 -0.008678
11.328000 -0.008677
11.333000 -0.008676
11.338000 -0.008674
11.343000 -0.008673
11.348000 -0.008672
11.353000 -0.008671
11.358000 -0.008669
11.363000 -0.008668
11.368000 -0.008667
11.373000 -0.008666
11.378000 -0.008665
11.383000 -0.008663
11.388000 -0.008662
11.393000 -0.008661
11.398000 -0.008660
11.403000 -0.008658
11.408000 -0.008657
11.413000 -0.008656
11.418000 -0.008655
11.423000 -0.008654
11.428000 -0.008652
11.433000 -0.008651
11.438000 -0.008650
11.443000 -0.008649
11.448000 -0.008648
11.453000 -0.008646
11.458000 -0.008645
11.463000 -0.008644
11.468000 -0.008643
11.473000 -0.008641
11.478000 -0.008640
11.483000 -0.008639
11.488000 -0.008638
11.493000 -0.008637
11.498000 -0.008635
11.503000 -0.008634
11.508000 -0.008633
11.513000 -0.008632
11.518000 -0.008630
11.523000 -0.008629
11.528000 -0.008628
11.533000 -0.008627
11.538000 -0.008626
11.543000 -0.008624
11.548000 -0.008623
11.553000 -0.008622
11.558000 -0.008621
11.563000 -0.008620
11.568000 -0.008618
11.573000 -0.008617
11.578000 -0.008616
11.583000 -0.008615
11.588000 -0.008613
11.593000 -0.008612
11.598000 -0.008611
11.603000 -0.008610
11.608000 -0.008609
11.613000 -0.008607
11.618000 -0.008606
11.623000 -0.008605
11.628000 -0.008604
11.633000 -0.008602
11.638000 -0.008601
11.643000 -0.008600
11.648000 -0.008599
11.653000 -0.008598
11.658000 -0.008596
11.663000 -0.008595
11.668000 -0.008594
11.673000 -0.008593
11.678000 -0.008591
11.683000 -0.008590
11.688000 -0.008589
11.693000 -0.008588
11.698000 -0.008587
11.703000 -0.008585
11.708000 -0.008584
11.713000 -0.008583
11.718000 -0.008582
11.723000 -0.008581
11.728000 -0.008579
11.733000 -0.008578
11.738000 -0.008577
11.743000 -0.008576
11.748000 -0.008574
11.753000 -0.008573
11.758000 -0.008572
11.763000 -0.008571
11.768000 -0.008570
11.773000 -0.008568
11.778000 -0.008567
11.783000 -0.008566
11.788000 -0.008565
11.793000 -0.008563
11.798000 -0.008562
11.803000 -0.008561
11.808000 -0.008560
11.813000 -0.008559
11.818000 -0.008557
11.823000 -0.008556
11.828000 -0.008555
11.833000 -0.008554
11.838000 -0.008553
11.843000 -0.008551
11.848000 -0.008550
11.853000 -0.008549
11.858000 -0.008548
11.863000 -0.008546
11.868000 -0.008545
11.873000 -0.008544
11.878000 -0.008543
11.883000 -0.008542
11.888000 -0.008540
11.893000 -0.008539
11.898000 -0.008538
11.903000 -0.008537
11.908000 -0.008535
11.913000 -0.008534
11.918000 -0.008533
11.923000 -0.008532
11.928000 -0.008531
11.933000 -0.008529
11.938000 -0.008528
11.943000 -0.008527
11.948000 -0.008526
11.953000 -0.008524
11.958000 -0.008523
11.963000 -0.008522
11.968000 -0.008521
11.973000 -0.008520
11.978000 -0.008518
11.983000 -0.008517
11.988000 -0.008516
11.993000 -0.008515
11.998000 -0.008514
12.003000 -0.008512
12.008000 -0.008511
12.013000 -0.008510
12.018000 -0.008509
12.023000 -0.008507
12.028000 -0.008506
12.033000 -0.008505
12.038000 -0.008504
12.043000 -0.008503
12.048000 -0.008501
12.053000 -0.008500
12.058000 -0.008499
12.063000 -0.008498
12.068000 -0.008496
12.073000 -0.008495
12.078000 -0.008494
12.083000 -0.008493
12.088000 -0.008492
12.093000 -0.008490
12.098000 -0.008489
12.103000 -0.008488
12.108000 -0.008487
12.113000 -0.008485
12.118000 -0.008484
12.123000 -0.008483
12.128000 -0.008482
12.133000 -0.008481
12.138000 -0.008479
12.143000 -0.008478
12.148000 -0.008477
12.153000 -0.008476
12.158000 -0.008475
12.163000 -0.008473
12.168000 -0.008472
12.173000 -0.008471
12.178000 -0.008470
12.183000 -0.008468
12.188000 -0.008467
12.193000 -0.008466
12.198000 -0.008465
12.203000 -0.008464
12.208000 -0.008462
12.213000 -0.008461
12.218000 -0.008460
12.223000 -0.008459
12.228000 -0.008457
12.233000 -0.008456
12.238000 -0.008455
12.243000 -0.008454
12.248000 -0.008453
12.253000 -0.008451
12.258000 -0.008450
12.263000 -0.008449
12.268000 -0.008448
12.273000 -0.008447
12.278000 -0.008445
12.283000 -0.008444
12.288000 -0.008443
12.293000 -0.008442
12.298000 -0.008440
12.303000 -0.008439
12.308000 -0.008438
12.313000 -0.007196
12.318000 -0.007100
12.323000 -0.007099
12.328000 -0.007098
12.333000 -0.007098
12.338000 -0.007097
12.343000 -0.007096
12.348000 -0.007095
12.353000 -0.007094
12.358000 -0.007093
12.363000 -0.007092
12.368000 -0.007091
12.373000 -0.007091
12.378000 -0.007090
12.383000 -0.007089
12.388000 -0.007088
12.393000 -0.007087
12.398000 -0.007086
12.403000 -0.007085
12.408000 -0.007085
12.413000 -0.007084
12.418000 -0.007083
12.423000 -0.007082
12.428000 -0.007081
12.433000 -0.007080
12.438000 -0.007079
12.443000 -0.007079
12.448000 -0.007078
12.453000 -0.007077
12.458000 -0.007076
12.463000 -0.007075
12.468000 -0.007074
12.473000 -0.007073
12.478000 -0.007072
12.483000 -0.007072
12.488000 -0.007071
12.493000 -0.007070
12.498000 -0.007069
12.503000 -0.007068
12.508000 -0.007067
12.513000 -0.007066
12.518000 -0.007066
12.523000 -0.007065
12.528000 -0.007064
12.533000 -0.007063
12.538000 -0.007062
12.543000 -0.007061
12.548000 -0.007060
12.553000 -0.007060
12.558000 -0.007059
12.563000 -0.007058
12.568000 -0.007057
12.573000 -0.007056
12.578000 -0.007055
12.583000 -0.007054
12.588000 -0.007053
12.593000 -0.007053
12.598000 -0.007052
12.603000 -0.007051
12.608000 -0.007050
12.613000 -0.007049
12.618000 -0.007048
12.623000 -0.007047
12.628000 -0.007047
12.633000 -0.007046
12.638000 -0.007045
12.643000 -0.007044
12.648000 -0.007043
12.653000 -0.007042
12.658000 -0.007041
12.663000 -0.007041
12.668000 -0.007040
12.673000 -0.007039
12.678000 -0.007038
12.683000 -0.007037
12.688000 -0.007036
12.693000 -0.007035
12.698000 -0.007035
12.703000 -0.007034
12.708000 -0.007033
12.713000 -0.007032
12.718000 -0.007031
12.723000 -0.007030
12.728000 -0.007029
12.733000 -0.007028
12.738000 -0.007028
12.743000 -0.007027
12.748000 -0.007026
12.753000 -0.007025
12.758000 -0.007024
12.763000 -0.007023
12.768000 -0.007022
12.773000 -0.007022
12.778000 -0.007021
12.783000 -0.007020
12.788000 -0.007019
12.793000 -0.007018
12.798000 -0.007017
12.803000 -0.007016
12.808000 -0.007016
12.813000 -0.007015
12.818000 -0.007014
12.823000 -0.007013
12.828000 -0.007012
12.833000 -0.007011
12.838000 -0.007010
12.843000 -0.007009
12.848000 -0.007009
12.853000 -0.007008
12.858000 -0.007007
12.863000 -0.007006
12.868000 -0.007005
12.873000 -0.007004
12.878000 -0.007003
12.883000 -0.007003
12.888000 -0.007002
12.893000 -0.007001
12.898000 -0.007000
12.903000 -0.006999
12.908000 -0.006998
12.913000 -0.006997
12.918000 -0.006997
12.923000 -0.006996
12.928000 -0.006995
12.933000 -0.006994
12.938000 -0.006993
12.943000 -0.006992
12.948000 -0.006991
12.953000 -0.006990
12.958000 -0.006990
12.963000 -0.006989
12.968000 -0.006988
12.973000 -0.006987
12.978000 -0.006986
12.983000 -0.006985
12.988000 -0.006984
12.993000 -0.006984
12.998000 -0.006983
13.003000 -0.006982
13.008000 -0.006981
13.013000 -0.006980
13.018000 -0.006979
13.023000 -0.006978
13.028000 -0.006978
13.033000 -0.006977
13.038000 -0.006976
13.043000 -0.006975
13.048000 -0.006974
13.053000 -0.006973
13.058000 -0.006972
13.063000 -0.006972
13.068000 -0.006971
13.073000 -0.006970
13.078000 -0.006969
13.083000 -0.006968
13.088000 -0.006967
13.093000 -0.006966
13.098000 -0.006965
13.103000 -0.006965
13.108000 -0.006964
13.113000 -0.006963
13.118000 -0.006962
13.123000 -0.006961
13.128000 -0.006960
13.133000 -0.006959
13.138000 -0.006959
13.143000 -0.006958
13.148000 -0.006957
13.153000 -0.006956
13.158000 -0.006955
13.163000 -0.006954
13.168000 -0.006953
13.173000 -0.006953
13.178000 -0.006952
13.183000 -0.006951
13.188000 -0.006950
13.193000 -0.006949
13.198000 -0.006948
13.203000 -0.006947
13.208000 -0.006946
13.213000 -0.006946
13.218000 -0.006945
13.223000 -0.006944
13.228000 -0.006943
13.233000 -0.006942
13.238000 -0.006941
13.243000 -0.006940
13.248000 -0.006940
13.253000 -0.006939
13.258000 -0.006938
13.263000 -0.006937
13.268000 -0.006936
13.273000 -0.006935
13.278000 -0.006934
13.283000 -0.006934
13.288000 -0.006933
13.293000 -0.006932
13.298000 -0.006931
13.303000 -0.006930
13.308000 -0.006929
13.313000 -0.006928
13.318000 -0.006927
13.323000 -0.006927
13.328000 -0.006926
13.333000 -0.006925
13.338000 -0.006924
13.343000 -0.006923
13.348000 -0.006922
13.353000 -0.006921
13.358000 -0.006921
13.363000 -0.006920
13.368000 -0.006919
13.373000 -0.006918
13.378000 -0.006917
13.383000 -0.006916
13.388000 -0.006915
13.393000 -0.006915
13.398000 -0.006914
13.403000 -0.006913
13.408000 -0.006912
13.413000 -0.006911
13.418000 -0.006910
13.423000 -0.006909
13.428000 -0.006909
13.433000 -0.006908
13.438000 -0.006907
13.443000 -0.006906
13.448000 -0.006905
13.453000 -0.006904
13.458000 -0.006903
13.463000 -0.006902
13.468000 -0.006902
13.473000 -0.006901
13.478000 -0.006900
13.483000 -0.006899
13.488000 -0.006898
13.493000 -0.006897
13.498000 -0.006896
13.503000 -0.006896
13.508000 -0.006895
13.513000 -0.006894
13.518000 -0.006893
13.523000 -0.006892
13.528000 -0.006891
13.533000 -0.006890
13.538000 -0.006890
13.543000 -0.006889
13.548000 -0.006888
13.553000 -0.006887
13.558000 -0.006886
13.563000 -0.006885
13.568000 -0.006884
13.573000 -0.006883
13.578000 -0.006883
13.583000 -0.006882
13.588000 -0.006881
13.593000 -0.006880
13.598000 -0.006879
13.603000 -0.006878
13.608000 -0.006877
13.613000 -0.006877
13.618000 -0.006876
13.623000 -0.006875
13.628000 -0.006874
13.633000 -0.006873
13.638000 -0.006872
13.643000 -0.006871
13.648000 -0.006871
13.653000 -0.006870
13.658000 -0.006869
13.663000 -0.006868
13.668000 -0.006867
13.673000 -0.006866
13.678000 -0.006865
13.683000 -0.006864
13.688000 -0.006864
13.693000 -0.006863
13.698000 -0.006862
13.703000 -0.006861
13.708000 -0.006860
13.713000 -0.006859
13.718000 -0.006858
13.723000 -0.006858
13.728000 -0.006857
13.733000 -0.006856
13.738000 -0.006855
13.743000 -0.006854
13.748000 -0.006853
13.753000 -0.006852
13.758000 -0.006852
13.763000 -0.006851
13.768000 -0.006850
13.773000 -0.006849
13.778000 -0.006848
13.783000 -0.006847
13.788000 -0.006846
13.793000 -0.006846
13.798000 -0.006845
13.803000 -0.006844
13.808000 -0.006843
13.813000 -0.006842
13.818000 -0.006841
13.823000 -0.006840
13.828000 -0.006839
13.833000 -0.006839
13.838000 -0.006838
13.843000 -0.006837
13.848000 -0.006836
13.853000 -0.006835
13.858000 -0.006834
13.863000 -0.006833
13.868000 -0.006833
13.873000 -0.006832
13.878000 -0.006831
13.883000 -0.006830
13.888000 -0.006829
13.893000 -0.006828
13.898000 -0.006827
13.903000 -0.006827
13.908000 -0.006826
13.913000 -0.006825
13.918000 -0.006824
13.923000 -0.006823
13.928000 -0.006822
13.933000 -0.006821
13.938000 -0.006820
13.943000 -0.006820
13.948000 -0.006819
13.953000 -0.006818
13.958000 -0.006817
13.963000 -0.006816
13.968000 -0.006815
13.973000 -0.006814
13.978000 -0.006814
13.983000 -0.006813
13.988000 -0.006812
13.993000 -0.006734
13.998000 -0.005705
14.003000 -0.005704
14.008000 -0.005704
14.013000 -0.005703
14.018000 -0.005702
14.023000 -0.005702
14.028000 -0.005701
14.033000 -0.005701
14.038000 -0.005700
14.043000 -0.005699
14.048000 -0.005699
14.053000 -0.005698
14.058000 -0.005698
14.063000 -0.005697
14.068000 -0.005696
14.073000 -0.005696
14.078000 -0.005695
14.083000 -0.005695
14.088000 -0.005694
14.093000 -0.005693
14.098000 -0.005693
14.103000 -0.005692
14.108000 -0.005692
14.113000 -0.005691
14.118000 -0.005690
14.123000 -0.005690
14.128000 -0.005689
14.133000 -0.005689
14.138000 -0.005688
14.143000 -0.005687
14.148000 -0.005687
14.153000 -0.005686
14.158000 -0.005686
14.163000 -0.005685
14.168000 -0.005684
14.173000 -0.005684
14.178000 -0.005683
14.183000 -0.005682
14.188000 -0.005682
14.193000 -0.005681
14.198000 -0.005681
14.203000 -0.005680
14.208000 -0.005679
14.213000 -0.005679
14.218000 -0.005678
14.223000 -0.005678
14.228000 -0.005677
14.233000 -0.005676
14.238000 -0.005676
14.243000 -0.005675
14.248000 -0.005675
14.253000 -0.005674
14.258000 -0.005673
14.263000 -0.005673
14.268000 -0.005672
14.273000 -0.005672
14.278000 -0.005671
14.283000 -0.005670
14.288000 -0.005670
14.293000 -0.005669
14.298000 -0.005669
14.303000 -0.005668
14.308000 -0.005667
14.313000 -0.005667
14.318000 -0.005666
14.323000 -0.005666
14.328000 -0.005665
14.333000 -0.005664
14.338000 -0.005664
14.343000 -0.005663
14.348000 -0.005663
14.353000 -0.005662
14.358000 -0.005661
14.363000 -0.005661
14.368000 -0.005660
14.373000 -0.005659
14.378000 -0.005659
14.383000 -0.005658
14.388000 -0.005658
14.393000 -0.005657
14.398000 -0.005656
14.403000 -0.005656
14.408000 -0.005655
14.413000 -0.005655
14.418000 -0.005654
14.423000 -0.005653
14.428000 -0.005653
14.433000 -0.005652
14.438000 -0.005652
14.443000 -0.005651
14.448000 -0.005650
14.453000 -0.005650
14.458000 -0.005649
14.463000 -0.005649
14.468000 -0.005648
14.473000 -0.005647
14.478000 -0.005647
14.483000 -0.005646
14.488000 -0.005646
14.493000 -0.005645
14.498000 -0.005644
14.503000 -0.005644
14.508000 -0.005643
14.513000 -0.005643
14.518000 -0.005642
14.523000 -0.005641
14.528000 -0.005641
14.533000 -0.005640
14.538000 -0.005639
14.543000 -0.005639
14.548000 -0.005638
14.553000 -0.005638
14.558000 -0.005637
14.563000 -0.005636
14.568000 -0.005636
14.573000 -0.005635
14.578000 -0.005635
14.583000 -0.005634
14.588000 -0.005633
14.593000 -0.005633
14.598000 -0.005632
14.603000 -0.005632
14.608000 -0.005631
14.613000 -0.005630
14.618000 -0.005630
14.623000 -0.005629
14.628000 -0.005629
14.633000 -0.005628
14.638000 -0.005627
14.643000 -0.005627
14.648000 -0.005626
14.653000 -0.005626
14.658000 -0.005625
14.663000 -0.005624
14.668000 -0.005624
14.673000 -0.005623
14.678000 -0.005623
14.683000 -0.005622
14.688000 -0.005621
14.693000 -0.005621
14.698000 -0.005620
14.703000 -0.005620
14.708000 -0.005619
14.713000 -0.005618
14.718000 -0.005618
14.723000 -0.005617
14.728000 -0.005616
14.733000 -0.005616
14.738000 -0.005615
14.743000 -0.005615
14.748000 -0.005614
14.753000 -0.005613
14.758000 -0.005613
14.763000 -0.005612
14.768000 -0.005612
14.773000 -0.005611
14.778000 -0.005610
14.783000 -0.005610
14.788000 -0.005609
14.793000 -0.005609
14.798000 -0.005608
14.803000 -0.005607
14.808000 -0.005607
14.813000 -0.005606
14.818000 -0.005606
14.823000 -0.005605
14.828000 -0.005604
14.833000 -0.005604
14.838000 -0.005603
14.843000 -0.005603
14.848000 -0.005602
14.853000 -0.005601
14.858000 -0.005601
14.863000 -0.005600
14.868000 -0.005600
14.873000 -0.005599
14.878000 -0.005598
14.883000 -0.005598
14.888000 -0.005597
14.893000 -0.005596
14.898000 -0.005596
14.903000 -0.005595
14.908000 -0.005595
14.913000 -0.005594
14.918000 -0.005593
14.923000 -0.005593
14.928000 -0.005592
14.933000 -0.005592
14.938000 -0.005591
14.943000 -0.005590
14.948000 -0.005590
14.953000 -0.005589
14.958000 -0.005589
14.963000 -0.005588
14.968000 -0.005587
14.973000 -0.005587
14.978000 -0.005586
14.983000 -0.005586
14.988000 -0.005585
14.993000 -0.005584
14.998000 -0.005584
15.003000 -0.005583
15.008000 -0.005583
15.013000 -0.005582
15.018000 -0.005581
15.023000 -0.005581
15.028000 -0.005580
15.033000 -0.005580
15.038000 -0.005579
15.043000 -0.005578
15.048000 -0.005578
15.053000 -0.005577
15.058000 -0.005577
15.063000 -0.005576
15.068000 -0.005575
15.073000 -0.005575
15.078000 -0.005574
15.083000 -0.005573
15.088000 -0.005573
15.093000 -0.005572
15.098000 -0.005572
15.103000 -0.005571
15.108000 -0.005570
15.113000 -0.005570
15.118000 -0.005569
15.123000 -0.005569
15.128000 -0.005568
15.133000 -0.005567
15.138000 -0.005567
15.143000 -0.005566
15.148000 -0.005566
15.153000 -0.005565
15.158000 -0.005564
15.163000 -0.005564
15.168000 -0.005563
15.173000 -0.005563
15.178000 -0.005562
15.183000 -0.005561
15.188000 -0.005561
15.193000 -0.005560
15.198000 -0.005560
15.203000 -0.005559
15.208000 -0.005558
15.213000 -0.005558
15.218000 -0.005557
15.223000 -0.005557
15.228000 -0.005556
15.233000 -0.005555
15.238000 -0.005555
15.243000 -0.005554
15.248000 -0.005553
15.253000 -0.005553
15.258000 -0.005552
15.263000 -0.005552
15.268000 -0.005551
15.273000 -0.005550
15.278000 -0.005550
15.283000 -0.005549
15.288000 -0.005549
15.293000 -0.005548
15.298000 -0.005547
15.303000 -0.005547
15.308000 -0.005546
15.313000 -0.005546
15.318000 -0.005545
15.323000 -0.005544
15.328000 -0.005544
15.333000 -0.005543
15.338000 -0.005543
15.343000 -0.005542
15.348000 -0.005541
15.353000 -0.005541
15.358000 -0.005540
15.363000 -0.005540
15.368000 -0.005539
15.373000 -0.005538
15.378000 -0.005538
15.383000 -0.005537
15.388000 -0.005537
15.393000 -0.005536
15.398000 -0.005535
15.403000 -0.005535
15.408000 -0.005534
15.413000 -0.005534
15.418000 -0.005533
15.423000 -0.005532
15.428000 -0.005532
15.433000 -0.005531
15.438000 -0.005530
15.443000 -0.005530
15.448000 -0.005529
15.453000 -0.005529
15.458000 -0.005528
15.463000 -0.005527
15.468000 -0.005527
15.473000 -0.005526
15.478000 -0.005526
15.483000 -0.005525
15.488000 -0.005524
15.493000 -0.005524
15.498000 -0.005523
15.503000 -0.005523
15.508000 -0.005522
15.513000 -0.005521
15.518000 -0.005521
15.523000 -0.005520
15.528000 -0.005520
15.533000 -0.005519
15.538000 -0.005518
15.543000 -0.005518
15.548000 -0.005517
15.553000 -0.005517
15.558000 -0.005516
15.563000 -0.005515
15.568000 -0.005515
15.573000 -0.005514
15.578000 -0.005514
15.583000 -0.005513
15.588000 -0.005512
15.593000 -0.005512
15.598000 -0.005511
15.603000 -0.005510
15.608000 -0.005510
15.613000 -0.005509
15.618000 -0.005509
15.623000 -0.005508
15.628000 -0.005507
15.633000 -0.005507
15.638000 -0.005506
15.643000 -0.005506
15.648000 -0.005505
15.653000 -0.005504
15.658000 -0.005504
15.663000 -0.005503
15.668000 -0.005503
15.673000 -0.005502
15.678000 -0.005501
15.683000 -0.005501
15.688000 -0.005500
15.693000 -0.005500
15.698000 -0.005499
15.703000 -0.005498
15.708000 -0.005498
15.713000 -0.005497
15.718000 -0.005497
15.723000 -0.005496
15.728000 -0.005495
15.733000 -0.005495
15.738000 -0.005494
15.743000 -0.005494
15.748000 -0.005493
15.753000 -0.005492
15.758000 -0.005492
15.763000 -0.005491
15.768000 -0.005491
15.773000 -0.005490
15.778000 -0.005489
15.783000 -0.005489
15.788000 -0.005488
15.793000 -0.005487
15.798000 -0.005487
15.803000 -0.005486
15.808000 -0.005486
15.813000 -0.005485
15.818000 -0.005484
15.823000 -0.005484
15.828000 -0.005483
15.833000 -0.005483
15.838000 -0.005482
15.843000 -0.005481
15.848000 -0.005481
15.853000 -0.005480
15.858000 -0.005480
15.863000 -0.005479
15.868000 -0.005478
15.873000 -0.005478
15.878000 -0.005477
15.883000 -0.005477
15.888000 -0.005476
15.893000 -0.005475
15.898000 -0.005475
15.903000 -0.004984
15.908000 -0.004626
15.913000 -0.004626
15.918000 -0.004626
15.923000 -0.004625
15.928000 -0.004625
15.933000 -0.004624
15.938000 -0.004624
15.943000 -0.004623
15.948000 -0.004623
15.953000 -0.004622
15.958000 -0.004622
15.963000 -0.004622
15.968000 -0.004621
15.973000 -0.004621
15.978000 -0.004620
15.983000 -0.004620
15.988000 -0.004619
15.993000 -0.004619
15.998000 -0.004619
16.003000 -0.004618
16.008000 -0.004618
16.013000 -0.004617
16.018000 -0.004617
16.023000 -0.004616
16.028000 -0.004616
16.033000 -0.004616
16.038000 -0.004615
16.043000 -0.004615
16.048000 -0.004614
16.053000 -0.004614
16.058000 -0.004613
16.063000 -0.004613
16.068000 -0.004613
16.073000 -0.004612
16.078000 -0.004612
16.083000 -0.004611
16.088000 -0.004611
16.093000 -0.004610
16.098000 -0.004610
16.103000 -0.004610
16.108000 -0.004609
16.113000 -0.004609
16.118000 -0.004608
16.123000 -0.004608
16.128000 -0.004607
16.133000 -0.004607
16.138000 -0.004606
16.143000 -0.004606
16.148000 -0.004606
16.153000 -0.004605
16.158000 -0.004605
16.163000 -0.004604
16.168000 -0.004604
16.173000 -0.004603
16.178000 -0.004603
16.183000 -0.004603
16.188000 -0.004602
16.193000 -0.004602
16.198000 -0.004601
16.203000 -0.004601
16.208000 -0.004600
16.213000 -0.004600
16.218000 -0.004600
16.223000 -0.004599
16.228000 -0.004599
16.233000 -0.004598
16.238000 -0.004598
16.243000 -0.004597
16.248000 -0.004597
16.253000 -0.004597
16.258000 -0.004596
16.263000 -0.004596
16.268000 -0.004595
16.273000 -0.004595
16.278000 -0.004594
16.283000 -0.004594
16.288000 -0.004594
16.293000 -0.004593
16.298000 -0.004593
16.303000 -0.004592
16.308000 -0.004592
16.313000 -0.004591
16.318000 -0.004591
16.323000 -0.004590
16.328000 -0.004590
16.333000 -0.004590
16.338000 -0.004589
16.343000 -0.004589
16.348000 -0.004588
16.353000 -0.004588
16.358000 -0.004587
16.363000 -0.004587
16.368000 -0.004587
16.373000 -0.004586
16.378000 -0.004586
16.383000 -0.004585
16.388000 -0.004585
16.393000 -0.004584
16.398000 -0.004584
16.403000 -0.004584
16.408000 -0.004583
16.413000 -0.004583
16.418000 -0.004582
16.423000 -0.004582
16.428000 -0.004581
16.433000 -0.004581
16.438000 -0.004581
16.443000 -0.004580
16.448000 -0.004580
16.453000 -0.004579
16.458000 -0.004579
16.463000 -0.004578
16.468000 -0.004578
16.473000 -0.004577
16.478000 -0.004577
16.483000 -0.004577
16.488000 -0.004576
16.493000 -0.004576
16.498000 -0.004575
16.503000 -0.004575
16.508000 -0.004574
16.513000 -0.004574
16.518000 -0.004574
16.523000 -0.004573
16.528000 -0.004573
16.533000 -0.004572
16.538000 -0.004572
16.543000 -0.004571
16.548000 -0.004571
16.553000 -0.004571
16.558000 -0.004570
16.563000 -0.004570
16.568000 -0.004569
16.573000 -0.004569
16.578000 -0.004568
16.583000 -0.004568
16.588000 -0.004568
16.593000 -0.004567
16.598000 -0.004567
16.603000 -0.004566
16.608000 -0.004566
16.613000 -0.004565
16.618000 -0.004565
16.623000 -0.004565
16.628000 -0.004564
16.633000 -0.004564
16.638000 -0.004563
16.643000 -0.004563
16.648000 -0.004562
16.653000 -0.004562
16.658000 -0.004561
16.663000 -0.004561
16.668000 -0.004561
16.673000 -0.004560
16.678000 -0.004560
16.683000 -0.004559
16.688000 -0.004559
16.693000 -0.004558
16.698000 -0.004558
16.703000 -0.004558
16.708000 -0.004557
16.713000 -0.004557
16.718000 -0.004556
16.723000 -0.004556
16.728000 -0.004555
16.733000 -0.004555
16.738000 -0.004555
16.743000 -0.004554
16.748000 -0.004554
16.753000 -0.004553
16.758000 -0.004553
16.763000 -0.004552
16.768000 -0.004552
16.773000 -0.004552
16.778000 -0.004551
16.783000 -0.004551
16.788000 -0.004550
16.793000 -0.004550
16.798000 -0.004549
16.803000 -0.004549
16.808000 -0.004549
16.813000 -0.004548
16.818000 -0.004548
16.823000 -0.004547
16.828000 -0.004547
16.833000 -0.004546
16.838000 -0.004546
16.843000 -0.004545
16.848000 -0.004545
16.853000 -0.004545
16.858000 -0.004544
16.863000 -0.004544
16.868000 -0.004543
16.873000 -0.004543
16.878000 -0.004542
16.883000 -0.004542
16.888000 -0.004542
16.893000 -0.004541
16.898000 -0.004541
16.903000 -0.004540
16.908000 -0.004540
16.913000 -0.004539
16.918000 -0.004539
16.923000 -0.004539
16.928000 -0.004538
16.933000 -0.004538
16.938000 -0.004537
16.943000 -0.004537
16.948000 -0.004536
16.953000 -0.004536
16.958000 -0.004536
16.963000 -0.004535
16.968000 -0.004535
16.973000 -0.004534
16.978000 -0.004534
16.983000 -0.004533
16.988000 -0.004533
16.993000 -0.004533
16.998000 -0.004532
17.003000 -0.004532
17.008000 -0.004531
17.013000 -0.004531
17.018000 -0.004530
17.023000 -0.004530
17.028000 -0.004529
17.033000 -0.004529
17.038000 -0.004529
17.043000 -0.004528
17.048000 -0.004528
17.053000 -0.004527
17.058000 -0.004527
17.063000 -0.004526
17.068000 -0.004526
17.073000 -0.004526
17.078000 -0.004525
17.083000 -0.004525
17.088000 -0.004524
17.093000 -0.004524
17.098000 -0.004523
17.103000 -0.004523
17.108000 -0.004523
17.113000 -0.004522
17.118000 -0.004522
17.123000 -0.004521
17.128000 -0.004521
17.133000 -0.004520
17.138000 -0.004520
17.143000 -0.004520
17.148000 -0.004519
17.153000 -0.004519
17.158000 -0.004518
17.163000 -0.004518
17.168000 -0.004517
17.173000 -0.004517
17.178000 -0.004516
17.183000 -0.004516
17.188000 -0.004516
17.193000 -0.004515
17.198000 -0.004515
17.203000 -0.004514
17.208000 -0.004514
17.213000 -0.004513
17.218000 -0.004513
17.223000 -0.004513
17.228000 -0.004512
17.233000 -0.004512
17.238000 -0.004511
17.243000 -0.004511
17.248000 -0.004510
17.253000 -0.004510
17.258000 -0.004510
17.263000 -0.004509
17.268000 -0.004509
17.273000 -0.004508
17.278000 -0.004508
17.283000 -0.004507
17.288000 -0.004507
17.293000 -0.004507
17.298000 -0.004506
17.303000 -0.004506
17.308000 -0.004505
17.313000 -0.004505
17.318000 -0.004504
17.323000 -0.004504
17.328000 -0.004504
17.333000 -0.004503
17.338000 -0.004503
17.343000 -0.004502
17.348000 -0.004502
17.353000 -0.004501
17.358000 -0.004501
17.363000 -0.004500
17.368000 -0.004500
17.373000 -0.004500
17.378000 -0.004499
