0.003000 0.722083
0.008000 1.143097
0.013000 1.333752
0.018000 1.561820
0.023000 1.540338
0.028000 1.481283
0.033000 1.421746
0.038000 1.363704
0.043000 1.307601
0.048000 1.258583
0.053000 1.267246
0.058000 1.272541
0.063000 1.276830
0.068000 1.275454
0.073000 1.280984
0.078000 1.280806
0.083000 1.289109
0.088000 1.296182
0.093000 1.300093
0.098000 1.314877
0.103000 1.330164
0.108000 1.344021
0.113000 1.356478
0.118000 1.367569
0.123000 1.384468
0.128000 1.403490
0.133000 1.421987
0.138000 1.439960
0.143000 1.457413
0.148000 1.474349
0.153000 1.490770
0.158000 1.506680
0.163000 1.522080
0.168000 1.536975
0.173000 1.551366
0.178000 1.565616
0.183000 1.579529
0.188000 1.592978
0.193000 1.605965
0.198000 1.618494
0.203000 1.630567
0.208000 1.642189
0.213000 1.653360
0.218000 1.664086
0.223000 1.674370
0.228000 1.684215
0.233000 1.692984
0.238000 1.698057
0.243000 1.702537
0.248000 1.706434
0.253000 1.709759
0.258000 1.712521
0.263000 1.714733
0.268000 1.716254
0.273000 1.713723
0.278000 1.710561
0.283000 1.706787
0.288000 1.702420
0.293000 1.696480
0.298000 1.687824
0.303000 1.678562
0.308000 1.668722
0.313000 1.658327
0.318000 1.644953
0.323000 1.630827
0.328000 1.616186
0.333000 1.601063
0.338000 1.585527
0.343000 1.569572
0.348000 1.553335
0.353000 1.537865
0.358000 1.522056
0.363000 1.507021
0.368000 1.491738
0.373000 1.476184
0.378000 1.461822
0.383000 1.448562
0.388000 1.435094
0.393000 1.421429
0.398000 1.407580
0.403000 1.394488
0.408000 1.382934
0.413000 1.371236
0.418000 1.359401
0.423000 1.347439
0.428000 1.335357
0.433000 1.324465
0.438000 1.314157
0.443000 1.303753
0.448000 1.293257
0.453000 1.282675
0.458000 1.272013
0.463000 1.261978
0.468000 1.253392
0.473000 1.244741
0.478000 1.236026
0.483000 1.227252
0.488000 1.218421
0.493000 1.209538
0.498000 1.201048
0.503000 1.191186
0.508000 1.181364
0.513000 1.171583
0.518000 1.161843
0.523000 1.152144
0.528000 1.142485
0.533000 1.132867
0.538000 1.124150
0.543000 1.116006
0.548000 1.107892
0.553000 1.099808
0.558000 1.091753
0.563000 1.083728
0.568000 1.075733
0.573000 1.067767
0.578000 1.059966
0.583000 1.053244
0.588000 1.046544
0.593000 1.039865
0.598000 1.033208
0.603000 1.026572
0.608000 1.019957
0.613000 1.013364
0.618000 1.006792
0.623000 1.000241
0.628000 0.994222
0.633000 0.988428
0.638000 0.982651
0.643000 0.976892
0.648000 0.971149
0.653000 0.965423
0.658000 0.959714
0.663000 0.954022
0.668000 0.948347
0.673000 0.942689
0.678000 0.937385
0.683000 0.932636
0.688000 0.927900
0.693000 0.923175
0.698000 0.918463
0.703000 0.913763
0.708000 0.909074
0.713000 0.904398
0.718000 0.899734
0.723000 0.895082
0.728000 0.890442
0.733000 0.885814
0.738000 0.881694
0.743000 0.877682
0.748000 0.873680
0.753000 0.869686
0.758000 0.865702
0.763000 0.861727
0.768000 0.857761
0.773000 0.853805
0.778000 0.849857
0.783000 0.845919
0.788000 0.841990
0.793000 0.838070
0.798000 0.834215
0.803000 0.830815
0.808000 0.827421
0.813000 0.824035
0.818000 0.820656
0.823000 0.817283
0.828000 0.813918
0.833000 0.810559
0.838000 0.807208
0.843000 0.803863
0.848000 0.800525
0.853000 0.797195
0.858000 0.793871
0.863000 0.790554
0.868000 0.787265
0.873000 0.784395
0.878000 0.781531
0.883000 0.778672
0.888000 0.775819
0.893000 0.772970
0.898000 0.770127
0.903000 0.767289
0.908000 0.764456
0.913000 0.761628
0.918000 0.758806
0.923000 0.755989
0.928000 0.753177
0.933000 0.750370
0.938000 0.747569
0.943000 0.744773
0.948000 0.742085
0.953000 0.739684
0.958000 0.737287
0.963000 0.734894
0.968000 0.732505
0.973000 0.730120
0.978000 0.727739
0.983000 0.725362
0.988000 0.722989
0.993000 0.720619
0.998000 0.718254
1.003000 0.715892
1.008000 0.713534
1.013000 0.711180
1.018000 0.708830
1.023000 0.706484
1.028000 0.704142
1.033000 0.701803
1.038000 0.699666
1.043000 0.697652
1.048000 0.695641
1.053000 0.693633
1.058000 0.691628
1.063000 0.689626
1.068000 0.687627
1.073000 0.685631
1.078000 0.683637
1.083000 0.681647
1.088000 0.679659
1.093000 0.677675
1.098000 0.675693
1.103000 0.673714
1.108000 0.671738
1.113000 0.669765
1.118000 0.667795
1.123000 0.665828
1.128000 0.663863
1.133000 0.661902
1.138000 0.660078
1.143000 0.658369
1.148000 0.656662
1.153000 0.654957
1.158000 0.653255
1.163000 0.651555
1.168000 0.649857
1.173000 0.648161
1.178000 0.646467
1.183000 0.644776
1.188000 0.643087
1.193000 0.641400
1.198000 0.639715
1.203000 0.638033
1.208000 0.636352
1.213000 0.634674
1.218000 0.632998
1.223000 0.631325
1.228000 0.629653
1.233000 0.627984
1.238000 0.626317
1.243000 0.624652
1.248000 0.622990
1.253000 0.621376
1.258000 0.619949
1.263000 0.618523
1.268000 0.617100
1.273000 0.615677
1.278000 0.614257
1.283000 0.612838
1.288000 0.611421
1.293000 0.610005
1.298000 0.608591
1.303000 0.607179
1.308000 0.605768
1.313000 0.604359
1.318000 0.602951
1.323000 0.601546
1.328000 0.600141
1.333000 0.598739
1.338000 0.597338
1.343000 0.595939
1.348000 0.594541
1.353000 0.593145
1.358000 0.591751
1.363000 0.590358
1.368000 0.588967
1.373000 0.587578
1.378000 0.586190
1.383000 0.584804
1.388000 0.583420
1.393000 0.582206
1.398000 0.581007
1.403000 0.579809
1.408000 0.578612
1.413000 0.577416
1.418000 0.576222
1.423000 0.575028
1.428000 0.573837
1.433000 0.572646
1.438000 0.571456
1.443000 0.570268
1.448000 0.569081
1.453000 0.567895
1.458000 0.566711
1.463000 0.565528
1.468000 0.564345
1.473000 0.563165
1.478000 0.561985
1.483000 0.560807
1.488000 0.559630
1.493000 0.558454
1.498000 0.557279
1.503000 0.556106
1.508000 0.554934
1.513000 0.553763
1.518000 0.552593
1.523000 0.551425
1.528000 0.550257
1.533000 0.549091
1.538000 0.547927
1.543000 0.546763
1.548000 0.545601
1.553000 0.544497
1.558000 0.543507
1.563000 0.542518
1.568000 0.541530
1.573000 0.540542
1.578000 0.539556
1.583000 0.538570
1.588000 0.537586
1.593000 0.536602
1.598000 0.535619
1.603000 0.534637
1.608000 0.533656
1.613000 0.532676
1.618000 0.531697
1.623000 0.530718
1.628000 0.529741
1.633000 0.528764
1.638000 0.527789
1.643000 0.526814
1.648000 0.525840
1.653000 0.524867
1.658000 0.523895
1.663000 0.522924
1.668000 0.521954
1.673000 0.520985
1.678000 0.520016
1.683000 0.519049
1.688000 0.518082
1.693000 0.517116
1.698000 0.516151
1.703000 0.515188
1.708000 0.514225
1.713000 0.513262
1.718000 0.512301
1.723000 0.511341
1.728000 0.510381
1.733000 0.509423
1.738000 0.508465
1.743000 0.507509
1.748000 0.506568
1.753000 0.505744
1.758000 0.504922
1.763000 0.504099
1.768000 0.503278
1.773000 0.502457
1.778000 0.501637
1.783000 0.500818
1.788000 0.499999
1.793000 0.499181
1.798000 0.498363
1.803000 0.497547
1.808000 0.496731
1.813000 0.495915
1.818000 0.495101
1.823000 0.494286
1.828000 0.493473
1.833000 0.492660
1.838000 0.491848
1.843000 0.491037
1.848000 0.490226
1.853000 0.489416
1.858000 0.488607
1.863000 0.487798
1.868000 0.486990
1.873000 0.486183
1.878000 0.485376
1.883000 0.484570
1.888000 0.483765
1.893000 0.482960
1.898000 0.482156
1.903000 0.481352
1.908000 0.480550
1.913000 0.479748
1.918000 0.478946
1.923000 0.478146
1.928000 0.477346
1.933000 0.476546
1.938000 0.475748
1.943000 0.474950
1.948000 0.474152
1.953000 0.473356
1.958000 0.472560
1.963000 0.471764
1.968000 0.470970
1.973000 0.470176
1.978000 0.469383
1.983000 0.468636
1.988000 0.467962
1.993000 0.467289
1.998000 0.466616
2.003000 0.465944
2.008000 0.465272
2.013000 0.464601
2.018000 0.463930
2.023000 0.463259
2.028000 0.462590
2.033000 0.461920
2.038000 0.461251
2.043000 0.460583
2.048000 0.459915
2.053000 0.459248
2.058000 0.458581
2.063000 0.457914
2.068000 0.457248
2.073000 0.456583
2.078000 0.455918
2.083000 0.455253
2.088000 0.454589
2.093000 0.453926
2.098000 0.453263
2.103000 0.452600
2.108000 0.451938
2.113000 0.451277
2.118000 0.450615
2.123000 0.449955
2.128000 0.449295
2.133000 0.448635
2.138000 0.447976
2.143000 0.447317
2.148000 0.446659
2.153000 0.446001
2.158000 0.445344
2.163000 0.444687
2.168000 0.444031
2.173000 0.443375
2.178000 0.442720
2.183000 0.442065
2.188000 0.441411
2.193000 0.440757
2.198000 0.440103
2.203000 0.439451
2.208000 0.438798
2.213000 0.438146
2.218000 0.437495
2.223000 0.436844
2.228000 0.436193
2.233000 0.435544
2.238000 0.434894
2.243000 0.434245
2.248000 0.433597
2.253000 0.432949
2.258000 0.432324
2.263000 0.431778
2.268000 0.431232
2.273000 0.430686
2.278000 0.430141
2.283000 0.429596
2.288000 0.429052
2.293000 0.428507
2.298000 0.427963
2.303000 0.427420
2.308000 0.426877
2.313000 0.426334
2.318000 0.425791
2.323000 0.425249
2.328000 0.424707
2.333000 0.424166
2.338000 0.423624
2.343000 0.423084
2.348000 0.422543
2.353000 0.422003
2.358000 0.421463
2.363000 0.420924
2.368000 0.420385
2.373000 0.419846
2.378000 0.419308
2.383000 0.418770
2.388000 0.418232
2.393000 0.417694
2.398000 0.417157
2.403000 0.416621
2.408000 0.416084
2.413000 0.415548
2.418000 0.415013
2.423000 0.414478
2.428000 0.413943
2.433000 0.413408
2.438000 0.412874
2.443000 0.412340
2.448000 0.411806
2.453000 0.411273
2.458000 0.410740
2.463000 0.410208
2.468000 0.409676
2.473000 0.409144
2.478000 0.408612
2.483000 0.408081
2.488000 0.407550
2.493000 0.407020
2.498000 0.406490
2.503000 0.405960
2.508000 0.405431
2.513000 0.404901
2.518000 0.404373
2.523000 0.403844
2.528000 0.403316
2.533000 0.402789
2.538000 0.402261
2.543000 0.401734
2.548000 0.401208
2.553000 0.400681
2.558000 0.400155
2.563000 0.399630
2.568000 0.399105
2.573000 0.398580
2.578000 0.398092
2.583000 0.397650
2.588000 0.397208
2.593000 0.396766
2.598000 0.396324
2.603000 0.395883
2.608000 0.395441
2.613000 0.395001
2.618000 0.394560
2.623000 0.394119
2.628000 0.393679
2.633000 0.393239
2.638000 0.392800
2.643000 0.392360
2.648000 0.391921
2.653000 0.391482
2.658000 0.391043
2.663000 0.390605
2.668000 0.390167
2.673000 0.389729
2.678000 0.389291
2.683000 0.388853
2.688000 0.388416
2.693000 0.387979
2.698000 0.387542
2.703000 0.387106
2.708000 0.386670
2.713000 0.386234
2.718000 0.385798
2.723000 0.385362
2.728000 0.384927
2.733000 0.384492
2.738000 0.384057
2.743000 0.383623
2.748000 0.383188
2.753000 0.382754
2.758000 0.382321
2.763000 0.381887
2.768000 0.381454
2.773000 0.381021
2.778000 0.380588
2.783000 0.380155
2.788000 0.379723
2.793000 0.379291
2.798000 0.378859
2.803000 0.378428
2.808000 0.377996
2.813000 0.377565
2.818000 0.377134
2.823000 0.376704
2.828000 0.376273
2.833000 0.375843
2.838000 0.375413
2.843000 0.374984
2.848000 0.374554
2.853000 0.374125
2.858000 0.373696
2.863000 0.373268
2.868000 0.372839
2.873000 0.372411
2.878000 0.371983
2.883000 0.371556
2.888000 0.371128
2.893000 0.370701
2.898000 0.370274
2.903000 0.369848
2.908000 0.369421
2.913000 0.368995
2.918000 0.368569
2.923000 0.368143
2.928000 0.367718
2.933000 0.367293
2.938000 0.366868
2.943000 0.366478
2.948000 0.366118
2.953000 0.365759
2.958000 0.365400
2.963000 0.365041
2.968000 0.364683
2.973000 0.364324
2.978000 0.363966
2.983000 0.363608
2.988000 0.363250
2.993000 0.362892
2.998000 0.362535
3.003000 0.362178
3.008000 0.361820
3.013000 0.361463
3.018000 0.361106
3.023000 0.360750
3.028000 0.360393
3.033000 0.360037
3.038000 0.359681
3.043000 0.359325
3.048000 0.358969
3.053000 0.358614
3.058000 0.358258
3.063000 0.357903
3.068000 0.357548
3.073000 0.357193
3.078000 0.356838
3.083000 0.356484
3.088000 0.356129
3.093000 0.355775
3.098000 0.355421
3.103000 0.355067
3.108000 0.354714
3.113000 0.354360
3.118000 0.354007
3.123000 0.353654
3.128000 0.353301
3.133000 0.352948
3.138000 0.352595
3.143000 0.352243
3.148000 0.351891
3.153000 0.351539
3.158000 0.351187
3.163000 0.350835
3.168000 0.350483
3.173000 0.350132
3.178000 0.349781
3.183000 0.349430
3.188000 0.349079
3.193000 0.348728
3.198000 0.348378
3.203000 0.348027
3.208000 0.347677
3.213000 0.347327
3.218000 0.346978
3.223000 0.346628
3.228000 0.346279
3.233000 0.345929
3.238000 0.345580
3.243000 0.345231
3.248000 0.344883
3.253000 0.344534
3.258000 0.344186
3.263000 0.343837
3.268000 0.343489
3.273000 0.343142
3.278000 0.342794
3.283000 0.342446
3.288000 0.342099
3.293000 0.341752
3.298000 0.341405
3.303000 0.341058
3.308000 0.340712
3.313000 0.340365
3.318000 0.340019
3.323000 0.339673
3.328000 0.339327
3.333000 0.338981
3.338000 0.338636
3.343000 0.338290
3.348000 0.337945
3.353000 0.337600
3.358000 0.337255
3.363000 0.336960
3.368000 0.336667
3.373000 0.336375
3.378000 0.336082
3.383000 0.335789
3.388000 0.335497
3.393000 0.335205
3.398000 0.334912
3.403000 0.334620
3.408000 0.334328
3.413000 0.334037
3.418000 0.333745
3.423000 0.333453
3.428000 0.333162
3.433000 0.332871
3.438000 0.332579
3.443000 0.332288
3.448000 0.331998
3.453000 0.331707
3.458000 0.331416
3.463000 0.331126
3.468000 0.330835
3.473000 0.330545
3.478000 0.330255
3.483000 0.329965
3.488000 0.329675
3.493000 0.329385
3.498000 0.329095
3.503000 0.328806
3.508000 0.328516
3.513000 0.328227
3.518000 0.327938
3.523000 0.327649
3.528000 0.327360
3.533000 0.327071
3.538000 0.326783
3.543000 0.326494
3.548000 0.326206
3.553000 0.325918
3.558000 0.325630
3.563000 0.325342
3.568000 0.325054
3.573000 0.324766
3.578000 0.324478
3.583000 0.324191
3.588000 0.323904
3.593000 0.323616
3.598000 0.323329
3.603000 0.323042
3.608000 0.322755
3.613000 0.322469
3.618000 0.322182
3.623000 0.321896
3.628000 0.321609
3.633000 0.321323
3.638000 0.321037
3.643000 0.320751
3.648000 0.320465
3.653000 0.320180
3.658000 0.319894
3.663000 0.319609
3.668000 0.319323
3.673000 0.319038
3.678000 0.318753
3.683000 0.318468
3.688000 0.318183
3.693000 0.317899
3.698000 0.317614
3.703000 0.317330
3.708000 0.317045
3.713000 0.316761
3.718000 0.316477
3.723000 0.316193
3.728000 0.315909
3.733000 0.315626
3.738000 0.315342
3.743000 0.315059
3.748000 0.314776
3.753000 0.314492
3.758000 0.314209
3.763000 0.313927
3.768000 0.313644
3.773000 0.313361
3.778000 0.313079
3.783000 0.312796
3.788000 0.312514
3.793000 0.312232
3.798000 0.311950
3.803000 0.311668
3.808000 0.311386
3.813000 0.311105
3.818000 0.310823
3.823000 0.310542
3.828000 0.310261
3.833000 0.309979
3.838000 0.309732
3.843000 0.309498
3.848000 0.309264
3.853000 0.309030
3.858000 0.308796
3.863000 0.308562
3.868000 0.308328
3.873000 0.308095
3.878000 0.307861
3.883000 0.307628
3.888000 0.307394
3.893000 0.307161
3.898000 0.306928
3.903000 0.306695
3.908000 0.306462
3.913000 0.306229
3.918000 0.305996
3.923000 0.305764
3.928000 0.305531
3.933000 0.305298
3.938000 0.305066
3.943000 0.304834
3.948000 0.304601
3.953000 0.304369
3.958000 0.304137
3.963000 0.303905
3.968000 0.303673
3.973000 0.303441
3.978000 0.303209
3.983000 0.302978
3.988000 0.302746
3.993000 0.302515
3.998000 0.302283
4.003000 0.302052
4.008000 0.301821
4.013000 0.301590
4.018000 0.301359
4.023000 0.301128
4.028000 0.300897
4.033000 0.300666
4.038000 0.300435
4.043000 0.300205
4.048000 0.299974
4.053000 0.299744
4.058000 0.299514
4.063000 0.299283
4.068000 0.299053
4.073000 0.298823
4.078000 0.298593
4.083000 0.298363
4.088000 0.298133
4.093000 0.297904
4.098000 0.297674
4.103000 0.297445
4.108000 0.297215
4.113000 0.296986
4.118000 0.296756
4.123000 0.296527
4.128000 0.296298
4.133000 0.296069
4.138000 0.295840
4.143000 0.295611
4.148000 0.295383
4.153000 0.295154
4.158000 0.294925
4.163000 0.294697
4.168000 0.294469
4.173000 0.294240
4.178000 0.294012
4.183000 0.293784
4.188000 0.293556
4.193000 0.293328
4.198000 0.293100
4.203000 0.292872
4.208000 0.292645
4.213000 0.292417
4.218000 0.292190
4.223000 0.291962
4.228000 0.291735
4.233000 0.291508
4.238000 0.291281
4.243000 0.291053
4.248000 0.290827
4.253000 0.290600
4.258000 0.290373
4.263000 0.290146
4.268000 0.289920
4.273000 0.289693
4.278000 0.289467
4.283000 0.289240
4.288000 0.289014
4.293000 0.288788
4.298000 0.288562
4.303000 0.288336
4.308000 0.288110
4.313000 0.287884
4.318000 0.287658
4.323000 0.287433
4.328000 0.287207
4.333000 0.286982
4.338000 0.286756
4.343000 0.286531
4.348000 0.286306
4.353000 0.286081
4.358000 0.285856
4.363000 0.285631
4.368000 0.285406
4.373000 0.285181
4.378000 0.284968
4.383000 0.284776
4.388000 0.284585
4.393000 0.284393
4.398000 0.284202
4.403000 0.284010
4.408000 0.283819
4.413000 0.283627
4.418000 0.283436
4.423000 0.283245
4.428000 0.283054
4.433000 0.282863
4.438000 0.282672
4.443000 0.282481
4.448000 0.282290
4.453000 0.282099
4.458000 0.281908
4.463000 0.281718
4.468000 0.281527
4.473000 0.281337
4.478000 0.281146
4.483000 0.280956
4.488000 0.280765
4.493000 0.280575
4.498000 0.280385
4.503000 0.280195
4.508000 0.280004
4.513000 0.279814
4.518000 0.279624
4.523000 0.279435
4.528000 0.279245
4.533000 0.279055
4.538000 0.278865
4.543000 0.278676
4.548000 0.278486
4.553000 0.278296
4.558000 0.278107
4.563000 0.277918
4.568000 0.277728
4.573000 0.277539
4.578000 0.277350
4.583000 0.277161
4.588000 0.276972
4.593000 0.276783
4.598000 0.276594
4.603000 0.276405
4.608000 0.276216
4.613000 0.276027
4.618000 0.275839
4.623000 0.275650
4.628000 0.275461
4.633000 0.275273
4.638000 0.275084
4.643000 0.274896
4.648000 0.274708
4.653000 0.274520
4.658000 0.274331
4.663000 0.274143
4.668000 0.273955
4.673000 0.273767
4.678000 0.273579
4.683000 0.273392
4.688000 0.273204
4.693000 0.273016
4.698000 0.272828
4.703000 0.272641
4.708000 0.272453
4.713000 0.272266
4.718000 0.272078
4.723000 0.271891
4.728000 0.271704
4.733000 0.271517
4.738000 0.271330
4.743000 0.271142
4.748000 0.270955
4.753000 0.270769
4.758000 0.270582
4.763000 0.270395
4.768000 0.270208
4.773000 0.270021
4.778000 0.269835
4.783000 0.269648
4.788000 0.269462
4.793000 0.269275
4.798000 0.269089
4.803000 0.268903
4.808000 0.268716
4.813000 0.268530
4.818000 0.268344
4.823000 0.268158
4.828000 0.267972
4.833000 0.267786
4.838000 0.267600
4.843000 0.267415
4.848000 0.267229
4.853000 0.267043
4.858000 0.266858
4.863000 0.266672
4.868000 0.266487
4.873000 0.266301
4.878000 0.266116
4.883000 0.265931
4.888000 0.265745
4.893000 0.265560
4.898000 0.265375
4.903000 0.265190
4.908000 0.265005
4.913000 0.264820
4.918000 0.264636
4.923000 0.264451
4.928000 0.264266
4.933000 0.264082
4.938000 0.263897
4.943000 0.263713
4.948000 0.263528
4.953000 0.263344
4.958000 0.263159
4.963000 0.262975
4.968000 0.262791
4.973000 0.262607
4.978000 0.262423
4.983000 0.262239
4.988000 0.262063
4.993000 0.261908
4.998000 0.261752
5.003000 0.261597
5.008000 0.261441
5.013000 0.261286
5.018000 0.261130
5.023000 0.260975
5.028000 0.260820
5.033000 0.260665
5.038000 0.260509
5.043000 0.260354
5.048000 0.260199
5.053000 0.260044
5.058000 0.259889
5.063000 0.259734
5.068000 0.259579
5.073000 0.259424
5.078000 0.259270
5.083000 0.259115
5.088000 0.258960
5.093000 0.258805
5.098000 0.258651
5.103000 0.258496
5.108000 0.258342
5.113000 0.258187
5.118000 0.258033
5.123000 0.257878
5.128000 0.257724
5.133000 0.257570
5.138000 0.257416
5.143000 0.257261
5.148000 0.257107
5.153000 0.256953
5.158000 0.256799
5.163000 0.256645
5.168000 0.256491
5.173000 0.256337
5.178000 0.256183
5.183000 0.256029
5.188000 0.255876
5.193000 0.255722
5.198000 0.255568
5.203000 0.255414
5.208000 0.255261
5.213000 0.255107
5.218000 0.254954
5.223000 0.254800
5.228000 0.254647
5.233000 0.254494
5.238000 0.254340
5.243000 0.254187
5.248000 0.254034
5.253000 0.253880
5.258000 0.253727
5.263000 0.253574
5.268000 0.253421
5.273000 0.253268
5.278000 0.253115
5.283000 0.252962
5.288000 0.252809
5.293000 0.252657
5.298000 0.252504
5.303000 0.252351
5.308000 0.252198
5.313000 0.252046
5.318000 0.251893
5.323000 0.251741
5.328000 0.251588
5.333000 0.251436
5.338000 0.251283
5.343000 0.251131
5.348000 0.250979
5.353000 0.250826
5.358000 0.250674
5.363000 0.250522
5.368000 0.250370
5.373000 0.250218
5.378000 0.250066
5.383000 0.249914
5.388000 0.249762
5.393000 0.249610
5.398000 0.249458
5.403000 0.249306
5.408000 0.249154
5.413000 0.249003
5.418000 0.248851
5.423000 0.248699
5.428000 0.248548
5.433000 0.248396
5.438000 0.248245
5.443000 0.248093
5.448000 0.247942
5.453000 0.247791
5.458000 0.247639
5.463000 0.247488
5.468000 0.247337
5.473000 0.247186
5.478000 0.247035
5.483000 0.246884
5.488000 0.246733
5.493000 0.246582
5.498000 0.246431
5.503000 0.246280
5.508000 0.246129
5.513000 0.245978
5.518000 0.245827
5.523000 0.245677
5.528000 0.245526
5.533000 0.245376
5.538000 0.245225
5.543000 0.245074
5.548000 0.244924
5.553000 0.244774
5.558000 0.244623
5.563000 0.244473
5.568000 0.244323
5.573000 0.244172
5.578000 0.244022
5.583000 0.243872
5.588000 0.243722
5.593000 0.243572
5.598000 0.243422
5.603000 0.243272
5.608000 0.243122
5.613000 0.242972
5.618000 0.242822
5.623000 0.242673
5.628000 0.242523
5.633000 0.242373
5.638000 0.242224
5.643000 0.242074
5.648000 0.241924
5.653000 0.241775
5.658000 0.241625
5.663000 0.241476
5.668000 0.241327
5.673000 0.241177
5.678000 0.241028
5.683000 0.240902
5.688000 0.240777
5.693000 0.240651
5.698000 0.240525
5.703000 0.240400
5.708000 0.240274
5.713000 0.240149
5.718000 0.240023
5.723000 0.239898
5.728000 0.239773
5.733000 0.239647
5.738000 0.239522
5.743000 0.239397
5.748000 0.239272
5.753000 0.239146
5.758000 0.239021
5.763000 0.238896
5.768000 0.238771
5.773000 0.238646
5.778000 0.238521
5.783000 0.238396
5.788000 0.238271
5.793000 0.238146
5.798000 0.238021
5.803000 0.237896
5.808000 0.237771
5.813000 0.237647
5.818000 0.237522
5.823000 0.237397
5.828000 0.237272
5.833000 0.237148
5.838000 0.237023
5.843000 0.236898
5.848000 0.236774
5.853000 0.236649
5.858000 0.236525
5.863000 0.236400
5.868000 0.236276
5.873000 0.236151
5.878000 0.236027
5.883000 0.235903
5.888000 0.235778
5.893000 0.235654
5.898000 0.235530
5.903000 0.235406
5.908000 0.235281
5.913000 0.235157
5.918000 0.235033
5.923000 0.234909
5.928000 0.234785
5.933000 0.234661
5.938000 0.234537
5.943000 0.234413
5.948000 0.234289
5.953000 0.234165
5.958000 0.234041
5.963000 0.233917
5.968000 0.233794
5.973000 0.233670
5.978000 0.233546
5.983000 0.233423
5.988000 0.233299
5.993000 0.233175
5.998000 0.233052
6.003000 0.232928
6.008000 0.232805
6.013000 0.232681
6.018000 0.232558
6.023000 0.232434
6.028000 0.232311
6.033000 0.232187
6.038000 0.232064
6.043000 0.231941
6.048000 0.231817
6.053000 0.231694
6.058000 0.231571
6.063000 0.231448
6.068000 0.231325
6.073000 0.231202
6.078000 0.231079
6.083000 0.230956
6.088000 0.230832
6.093000 0.230710
6.098000 0.230587
6.103000 0.230464
6.108000 0.230341
6.113000 0.230218
6.118000 0.230095
6.123000 0.229972
6.128000 0.229850
6.133000 0.229727
6.138000 0.229604
6.143000 0.229482
6.148000 0.229359
6.153000 0.229236
6.158000 0.229114
6.163000 0.228991
6.168000 0.228869
6.173000 0.228746
6.178000 0.228624
6.183000 0.228502
6.188000 0.228379
6.193000 0.228257
6.198000 0.228135
6.203000 0.228012
6.208000 0.227890
6.213000 0.227768
6.218000 0.227646
6.223000 0.227524
6.228000 0.227402
6.233000 0.227280
6.238000 0.227158
6.243000 0.227036
6.248000 0.226914
6.253000 0.226792
6.258000 0.226670
6.263000 0.226548
6.268000 0.226426
6.273000 0.226304
6.278000 0.226183
6.283000 0.226061
6.288000 0.225939
6.293000 0.225817
6.298000 0.225696
6.303000 0.225574
6.308000 0.225453
6.313000 0.225331
6.318000 0.225210
6.323000 0.225088
6.328000 0.224967
6.333000 0.224845
6.338000 0.224724
6.343000 0.224603
6.348000 0.224481
6.353000 0.224360
6.358000 0.224239
6.363000 0.224118
6.368000 0.223996
6.373000 0.223875
6.378000 0.223754
6.383000 0.223633
6.388000 0.223512
6.393000 0.223391
6.398000 0.223270
6.403000 0.223149
6.408000 0.223028
6.413000 0.222907
6.418000 0.222787
6.423000 0.222666
6.428000 0.222545
6.433000 0.222424
6.438000 0.222303
6.443000 0.222183
6.448000 0.222062
6.453000 0.221942
6.458000 0.221821
6.463000 0.221700
6.468000 0.221589
6.473000 0.221488
6.478000 0.221386
6.483000 0.221285
6.488000 0.221183
6.493000 0.221081
6.498000 0.220980
6.503000 0.220878
6.508000 0.220777
6.513000 0.220675
6.518000 0.220574
6.523000 0.220472
6.528000 0.220371
6.533000 0.220270
6.538000 0.220168
6.543000 0.220067
6.548000 0.219966
6.553000 0.219864
6.558000 0.219763
6.563000 0.219662
6.568000 0.219561
6.573000 0.219460
6.578000 0.219358
6.583000 0.219257
6.588000 0.219156
6.593000 0.219055
6.598000 0.218954
6.603000 0.218853
6.608000 0.218752
6.613000 0.218651
6.618000 0.218550
6.623000 0.218449
6.628000 0.218348
6.633000 0.218247
6.638000 0.218146
6.643000 0.218045
6.648000 0.217944
6.653000 0.217844
6.658000 0.217743
6.663000 0.217642
6.668000 0.217541
6.673000 0.217441
6.678000 0.217340
6.683000 0.217239
6.688000 0.217139
6.693000 0.217038
6.698000 0.216937
6.703000 0.216837
6.708000 0.216736
6.713000 0.216636
6.718000 0.216535
6.723000 0.216435
6.728000 0.216334
6.733000 0.216234
6.738000 0.216133
6.743000 0.216033
6.748000 0.215933
6.753000 0.215832
6.758000 0.215732
6.763000 0.215632
6.768000 0.215531
6.773000 0.215431
6.778000 0.215331
6.783000 0.215231
6.788000 0.215130
6.793000 0.215030
6.798000 0.214930
6.803000 0.214830
6.808000 0.214730
6.813000 0.214630
6.818000 0.214530
6.823000 0.214430
6.828000 0.214330
6.833000 0.214230
6.838000 0.214130
6.843000 0.214030
6.848000 0.213930
6.853000 0.213830
6.858000 0.213730
6.863000 0.213630
6.868000 0.213531
6.873000 0.213431
6.878000 0.213331
6.883000 0.213231
6.888000 0.213131
6.893000 0.213032
6.898000 0.212932
6.903000 0.212832
6.908000 0.212733
6.913000 0.212633
6.918000 0.212534
6.923000 0.212434
6.928000 0.212335
6.933000 0.212235
6.938000 0.212136
6.943000 0.212036
6.948000 0.211937
6.953000 0.211837
6.958000 0.211738
6.963000 0.211638
6.968000 0.211539
6.973000 0.211440
6.978000 0.211340
6.983000 0.211241
6.988000 0.211142
6.993000 0.211043
6.998000 0.210944
7.003000 0.210844
7.008000 0.210745
7.013000 0.210646
7.018000 0.210547
7.023000 0.210448
7.028000 0.210349
7.033000 0.210250
7.038000 0.210151
7.043000 0.210052
7.048000 0.209953
7.053000 0.209854
7.058000 0.209755
7.063000 0.209656
7.068000 0.209557
7.073000 0.209458
7.078000 0.209359
7.083000 0.209261
7.088000 0.209162
7.093000 0.209063
7.098000 0.208964
7.103000 0.208866
7.108000 0.208767
7.113000 0.208668
7.118000 0.208570
7.123000 0.208471
7.128000 0.208372
7.133000 0.208274
7.138000 0.208175
7.143000 0.208077
7.148000 0.207978
7.153000 0.207880
7.158000 0.207781
7.163000 0.207683
7.168000 0.207584
7.173000 0.207486
7.178000 0.207388
7.183000 0.207289
7.188000 0.207191
7.193000 0.207093
7.198000 0.206994
7.203000 0.206896
7.208000 0.206798
7.213000 0.206700
7.218000 0.206601
7.223000 0.206503
7.228000 0.206405
7.233000 0.206307
7.238000 0.206209
7.243000 0.206111
7.248000 0.206013
7.253000 0.205915
7.258000 0.205817
7.263000 0.205719
7.268000 0.205621
7.273000 0.205523
7.278000 0.205425
7.283000 0.205327
7.288000 0.205229
7.293000 0.205131
7.298000 0.205034
7.303000 0.204936
7.308000 0.204838
7.313000 0.204740
7.318000 0.204643
7.323000 0.204545
7.328000 0.204447
7.333000 0.204350
7.338000 0.204252
7.343000 0.204154
7.348000 0.204057
7.353000 0.203959
7.358000 0.203862
7.363000 0.203772
7.368000 0.203690
7.373000 0.203608
7.378000 0.203526
7.383000 0.203444
7.388000 0.203362
7.393000 0.203280
7.398000 0.203198
7.403000 0.203116
7.408000 0.203034
7.413000 0.202952
7.418000 0.202870
7.423000 0.202789
7.428000 0.202707
7.433000 0.202625
7.438000 0.202543
7.443000 0.202461
7.448000 0.202379
7.453000 0.202298
7.458000 0.202216
7.463000 0.202134
7.468000 0.202052
7.473000 0.201971
7.478000 0.201889
7.483000 0.201807
7.488000 0.201725
7.493000 0.201644
7.498000 0.201562
7.503000 0.201480
7.508000 0.201399
7.513000 0.201317
7.518000 0.201236
7.523000 0.201154
7.528000 0.201073
7.533000 0.200991
7.538000 0.200910
7.543000 0.200828
7.548000 0.200747
7.553000 0.200665
7.558000 0.200584
7.563000 0.200502
7.568000 0.200421
7.573000 0.200339
7.578000 0.200258
7.583000 0.200177
7.588000 0.200095
7.593000 0.200014
7.598000 0.199933
7.603000 0.199851
7.608000 0.199770
7.613000 0.199689
7.618000 0.199608
7.623000 0.199526
7.628000 0.199445
7.633000 0.199364
7.638000 0.199283
7.643000 0.199202
7.648000 0.199120
7.653000 0.199039
7.658000 0.198958
7.663000 0.198877
7.668000 0.198796
7.673000 0.198715
7.678000 0.198634
7.683000 0.198553
7.688000 0.198472
7.693000 0.198391
7.698000 0.198310
7.703000 0.198229
7.708000 0.198148
7.713000 0.198067
7.718000 0.197986
7.723000 0.197905
7.728000 0.197824
7.733000 0.197743
7.738000 0.197662
7.743000 0.197582
7.748000 0.197501
7.753000 0.197420
7.758000 0.197339
7.763000 0.197258
7.768000 0.197178
7.773000 0.197097
7.778000 0.197016
7.783000 0.196936
7.788000 0.196855
7.793000 0.196774
7.798000 0.196694
7.803000 0.196613
7.808000 0.196532
7.813000 0.196452
7.818000 0.196371
7.823000 0.196291
7.828000 0.196210
7.833000 0.196129
7.838000 0.196049
7.843000 0.195968
7.848000 0.195888
7.853000 0.195807
7.858000 0.195727
7.863000 0.195647
7.868000 0.195566
7.873000 0.195486
7.878000 0.195405
7.883000 0.195325
7.888000 0.195245
7.893000 0.195164
7.898000 0.195084
7.903000 0.195004
7.908000 0.194923
7.913000 0.194843
7.918000 0.194763
7.923000 0.194683
7.928000 0.194602
7.933000 0.194522
7.938000 0.194442
7.943000 0.194362
7.948000 0.194282
7.953000 0.194201
7.958000 0.194121
7.963000 0.194041
7.968000 0.193961
7.973000 0.193881
7.978000 0.193801
7.983000 0.193721
7.988000 0.193641
7.993000 0.193561
7.998000 0.193481
8.003000 0.193401
8.008000 0.193321
8.013000 0.193241
8.018000 0.193161
8.023000 0.193081
8.028000 0.193001
8.033000 0.192921
8.038000 0.192842
8.043000 0.192762
8.048000 0.192682
8.053000 0.192602
8.058000 0.192522
8.063000 0.192442
8.068000 0.192363
8.073000 0.192283
8.078000 0.192203
8.083000 0.192124
8.088000 0.192044
8.093000 0.191964
8.098000 0.191885
8.103000 0.191805
8.108000 0.191725
8.113000 0.191646
8.118000 0.191566
8.123000 0.191486
8.128000 0.191407
8.133000 0.191327
8.138000 0.191248
8.143000 0.191168
8.148000 0.191089
8.153000 0.191009
8.158000 0.190930
8.163000 0.190850
8.168000 0.190771
8.173000 0.190692
8.178000 0.190612
8.183000 0.190533
8.188000 0.190453
8.193000 0.190374
8.198000 0.190295
8.203000 0.190215
8.208000 0.190136
8.213000 0.190057
8.218000 0.189978
8.223000 0.189898
8.228000 0.189819
8.233000 0.189740
8.238000 0.189661
8.243000 0.189581
8.248000 0.189502
8.253000 0.189423
8.258000 0.189344
8.263000 0.189265
8.268000 0.189186
8.273000 0.189107
8.278000 0.189028
8.283000 0.188949
8.288000 0.188870
8.293000 0.188791
8.298000 0.188712
8.303000 0.188633
8.308000 0.188554
8.313000 0.188475
8.318000 0.188396
8.323000 0.188317
8.328000 0.188238
8.333000 0.188159
8.338000 0.188080
8.343000 0.188001
8.348000 0.187922
8.353000 0.187846
8.358000 0.187779
8.363000 0.187712
8.368000 0.187645
8.373000 0.187578
8.378000 0.187511
8.383000 0.187444
8.388000 0.187377
8.393000 0.187311
8.398000 0.187244
8.403000 0.187177
8.408000 0.187110
8.413000 0.187043
8.418000 0.186976
8.423000 0.186910
8.428000 0.186843
8.433000 0.186776
8.438000 0.186709
8.443000 0.186643
8.448000 0.186576
8.453000 0.186509
8.458000 0.186443
8.463000 0.186376
8.468000 0.186309
8.473000 0.186243
8.478000 0.186176
8.483000 0.186109
8.488000 0.186043
8.493000 0.185976
8.498000 0.185910
8.503000 0.185843
8.508000 0.185777
8.513000 0.185710
8.518000 0.185643
8.523000 0.185577
8.528000 0.185510
8.533000 0.185444
8.538000 0.185377
8.543000 0.185311
8.548000 0.185244
8.553000 0.185178
8.558000 0.185112
8.563000 0.185045
8.568000 0.184979
8.573000 0.184912
8.578000 0.184846
8.583000 0.184779
8.588000 0.184713
8.593000 0.184647
8.598000 0.184580
8.603000 0.184514
8.608000 0.184448
8.613000 0.184381
8.618000 0.184315
8.623000 0.184249
8.628000 0.184183
8.633000 0.184116
8.638000 0.184050
8.643000 0.183984
8.648000 0.183918
8.653000 0.183851
8.658000 0.183785
8.663000 0.183719
8.668000 0.183653
8.673000 0.183587
8.678000 0.183520
8.683000 0.183454
8.688000 0.183388
8.693000 0.183322
8.698000 0.183256
8.703000 0.183190
8.708000 0.183124
8.713000 0.183058
8.718000 0.182992
8.723000 0.182926
8.728000 0.182859
8.733000 0.182793
8.738000 0.182727
8.743000 0.182661
8.748000 0.182595
8.753000 0.182529
8.758000 0.182463
8.763000 0.182398
8.768000 0.182332
8.773000 0.182266
8.778000 0.182200
8.783000 0.182134
8.788000 0.182068
8.793000 0.182002
8.798000 0.181936
8.803000 0.181870
8.808000 0.181804
8.813000 0.181739
8.818000 0.181673
8.823000 0.181607
8.828000 0.181541
8.833000 0.181475
8.838000 0.181410
8.843000 0.181344
8.848000 0.181278
8.853000 0.181212
8.858000 0.181147
8.863000 0.181081
8.868000 0.181015
8.873000 0.180949
8.878000 0.180884
8.883000 0.180818
8.888000 0.180752
8.893000 0.180687
8.898000 0.180621
8.903000 0.180556
8.908000 0.180490
8.913000 0.180424
8.918000 0.180359
8.923000 0.180293
8.928000 0.180228
8.933000 0.180162
8.938000 0.180097
8.943000 0.180031
8.948000 0.179966
8.953000 0.179900
8.958000 0.179835
8.963000 0.179769
8.968000 0.179704
8.973000 0.179638
8.978000 0.179573
8.983000 0.179507
8.988000 0.179442
8.993000 0.179376
8.998000 0.179311
9.003000 0.179246
9.008000 0.179180
9.013000 0.179115
9.018000 0.179050
9.023000 0.178984
9.028000 0.178919
9.033000 0.178854
9.038000 0.178788
9.043000 0.178723
9.048000 0.178658
9.053000 0.178592
9.058000 0.178527
9.063000 0.178462
9.068000 0.178397
9.073000 0.178331
9.078000 0.178266
9.083000 0.178201
9.088000 0.178136
9.093000 0.178071
9.098000 0.178006
9.103000 0.177940
9.108000 0.177875
9.113000 0.177810
9.118000 0.177745
9.123000 0.177680
9.128000 0.177615
9.133000 0.177550
9.138000 0.177485
9.143000 0.177420
9.148000 0.177355
9.153000 0.177290
9.158000 0.177225
9.163000 0.177160
9.168000 0.177095
9.173000 0.177030
9.178000 0.176965
9.183000 0.176900
9.188000 0.176835
9.193000 0.176770
9.198000 0.176705
9.203000 0.176640
9.208000 0.176575
9.213000 0.176510
9.218000 0.176445
9.223000 0.176381
9.228000 0.176316
9.233000 0.176251
9.238000 0.176186
9.243000 0.176121
9.248000 0.176056
9.253000 0.175992
9.258000 0.175927
9.263000 0.175862
9.268000 0.175797
9.273000 0.175733
9.278000 0.175668
9.283000 0.175603
9.288000 0.175538
9.293000 0.175474
9.298000 0.175409
9.303000 0.175344
9.308000 0.175280
9.313000 0.175215
9.318000 0.175150
9.323000 0.175086
9.328000 0.175021
9.333000 0.174957
9.338000 0.174892
9.343000 0.174827
9.348000 0.174763
9.353000 0.174698
9.358000 0.174634
9.363000 0.174569
9.368000 0.174505
9.373000 0.174440
9.378000 0.174376
9.383000 0.174311
9.388000 0.174247
9.393000 0.174182
9.398000 0.174118
9.403000 0.174054
9.408000 0.173989
9.413000 0.173925
9.418000 0.173860
9.423000 0.173796
9.428000 0.173732
9.433000 0.173667
9.438000 0.173603
9.443000 0.173538
9.448000 0.173474
9.453000 0.173410
9.458000 0.173346
9.463000 0.173281
9.468000 0.173217
9.473000 0.173153
9.478000 0.173088
9.483000 0.173024
9.488000 0.172960
9.493000 0.172896
9.498000 0.172838
9.503000 0.172784
9.508000 0.172730
9.513000 0.172676
9.518000 0.172622
9.523000 0.172568
9.528000 0.172514
9.533000 0.172460
9.538000 0.172406
9.543000 0.172353
9.548000 0.172299
9.553000 0.172245
9.558000 0.172191
9.563000 0.172137
9.568000 0.172083
9.573000 0.172030
9.578000 0.171976
9.583000 0.171922
9.588000 0.171868
9.593000 0.171815
9.598000 0.171761
9.603000 0.171707
9.608000 0.171653
9.613000 0.171600
9.618000 0.171546
9.623000 0.171492
9.628000 0.171438
9.633000 0.171385
9.638000 0.171331
9.643000 0.171277
9.648000 0.171224
9.653000 0.171170
9.658000 0.171116
9.663000 0.171063
9.668000 0.171009
9.673000 0.170955
9.678000 0.170902
9.683000 0.170848
9.688000 0.170795
9.693000 0.170741
9.698000 0.170687
9.703000 0.170634
9.708000 0.170580
9.713000 0.170527
9.718000 0.170473
9.723000 0.170420
9.728000 0.170366
9.733000 0.170313
9.738000 0.170259
9.743000 0.170206
9.748000 0.170152
9.753000 0.170099
9.758000 0.170045
9.763000 0.169992
9.768000 0.169938
9.773000 0.169885
9.778000 0.169831
9.783000 0.169778
9.788000 0.169724
9.793000 0.169671
9.798000 0.169617
9.803000 0.169564
9.808000 0.169511
9.813000 0.169457
9.818000 0.169404
9.823000 0.169351
9.828000 0.169297
9.833000 0.169244
9.838000 0.169190
9.843000 0.169137
9.848000 0.169084
9.853000 0.169030
9.858000 0.168977
9.863000 0.168924
9.868000 0.168870
9.873000 0.168817
9.878000 0.168764
9.883000 0.168711
9.888000 0.168657
9.893000 0.168604
9.898000 0.168551
9.903000 0.168498
9.908000 0.168444
9.913000 0.168391
9.918000 0.168338
9.923000 0.168285
9.928000 0.168232
9.933000 0.168178
9.938000 0.168125
9.943000 0.168072
9.948000 0.168019
9.953000 0.167966
9.958000 0.167912
9.963000 0.167859
9.968000 0.167806
9.973000 0.167753
9.978000 0.167700
9.983000 0.167647
9.988000 0.167594
9.993000 0.167541
9.998000 0.167488
10.003000 0.167435
10.008000 0.167381
10.013000 0.167328
10.018000 0.167275
10.023000 0.167222
10.028000 0.167169
10.033000 0.167116
10.038000 0.167063
10.043000 0.167010
10.048000 0.166957
10.053000 0.166904
10.058000 0.166851
10.063000 0.166798
10.068000 0.166745
10.073000 0.166692
10.078000 0.166639
10.083000 0.166586
10.088000 0.166534
10.093000 0.166481
10.098000 0.166428
10.103000 0.166375
10.108000 0.166322
10.113000 0.166269
10.118000 0.166216
10.123000 0.166163
10.128000 0.166110
10.133000 0.166058
10.138000 0.166005
10.143000 0.165952
10.148000 0.165899
10.153000 0.165846
10.158000 0.165793
10.163000 0.165741
10.168000 0.165688
10.173000 0.165635
10.178000 0.165582
10.183000 0.165529
10.188000 0.165477
10.193000 0.165424
10.198000 0.165371
10.203000 0.165318
10.208000 0.165266
10.213000 0.165213
10.218000 0.165160
10.223000 0.165108
10.228000 0.165055
10.233000 0.165002
10.238000 0.164949
10.243000 0.164897
10.248000 0.164844
10.253000 0.164792
10.258000 0.164739
10.263000 0.164686
10.268000 0.164634
10.273000 0.164581
10.278000 0.164528
10.283000 0.164476
10.288000 0.164423
10.293000 0.164371
10.298000 0.164318
10.303000 0.164265
10.308000 0.164213
10.313000 0.164160
10.318000 0.164108
10.323000 0.164055
10.328000 0.164003
10.333000 0.163950
10.338000 0.163898
10.343000 0.163845
10.348000 0.163793
10.353000 0.163740
10.358000 0.163688
10.363000 0.163635
10.368000 0.163583
10.373000 0.163530
10.378000 0.163478
10.383000 0.163425
10.388000 0.163373
10.393000 0.163321
10.398000 0.163268
10.403000 0.163216
10.408000 0.163163
10.413000 0.163111
10.418000 0.163059
10.423000 0.163006
10.428000 0.162954
10.433000 0.162902
10.438000 0.162849
10.443000 0.162797
10.448000 0.162745
10.453000 0.162692
10.458000 0.162640
10.463000 0.162588
10.468000 0.162535
10.473000 0.162483
10.478000 0.162431
10.483000 0.162379
10.488000 0.162326
10.493000 0.162274
10.498000 0.162222
10.503000 0.162170
10.508000 0.162117
10.513000 0.162065
10.518000 0.162013
10.523000 0.161961
10.528000 0.161908
10.533000 0.161856
10.538000 0.161804
10.543000 0.161752
10.548000 0.161700
10.553000 0.161648
10.558000 0.161596
10.563000 0.161543
10.568000 0.161491
10.573000 0.161439
10.578000 0.161387
10.583000 0.161335
10.588000 0.161283
10.593000 0.161231
10.598000 0.161179
10.603000 0.161127
10.608000 0.161075
10.613000 0.161023
10.618000 0.160970
10.623000 0.160918
10.628000 0.160866
10.633000 0.160814
10.638000 0.160762
10.643000 0.160710
10.648000 0.160658
10.653000 0.160606
10.658000 0.160554
10.663000 0.160502
10.668000 0.160451
10.673000 0.160399
10.678000 0.160347
10.683000 0.160295
10.688000 0.160243
10.693000 0.160191
10.698000 0.160139
10.703000 0.160087
10.708000 0.160035
10.713000 0.159983
10.718000 0.159931
10.723000 0.159880
10.728000 0.159828
10.733000 0.159776
10.738000 0.159724
10.743000 0.159672
10.748000 0.159620
10.753000 0.159569
10.758000 0.159517
10.763000 0.159465
10.768000 0.159413
10.773000 0.159361
10.778000 0.159310
10.783000 0.159258
10.788000 0.159206
10.793000 0.159154
10.798000 0.159104
10.803000 0.159060
10.808000 0.159016
10.813000 0.158972
10.818000 0.158928
10.823000 0.158884
10.828000 0.158840
10.833000 0.158796
10.838000 0.158752
10.843000 0.158708
10.848000 0.158664
10.853000 0.158620
10.858000 0.158576
10.863000 0.158532
10.868000 0.158489
10.873000 0.158445
10.878000 0.158401
10.883000 0.158357
10.888000 0.158313
10.893000 0.158269
10.898000 0.158225
10.903000 0.158181
10.908000 0.158137
10.913000 0.158093
10.918000 0.158049
10.923000 0.158006
10.928000 0.157962
10.933000 0.157918
10.938000 0.157874
10.943000 0.157830
10.948000 0.157786
10.953000 0.157742
10.958000 0.157699
10.963000 0.157655
10.968000 0.157611
10.973000 0.157567
10.978000 0.157523
10.983000 0.157479
10.988000 0.157436
10.993000 0.157392
10.998000 0.157348
11.003000 0.157304
11.008000 0.157261
11.013000 0.157217
11.018000 0.157173
11.023000 0.157129
11.028000 0.157086
11.033000 0.157042
11.038000 0.156998
11.043000 0.156954
11.048000 0.156911
11.053000 0.156867
11.058000 0.156823
11.063000 0.156779
11.068000 0.156736
11.073000 0.156692
11.078000 0.156648
11.083000 0.156605
11.088000 0.156561
11.093000 0.156517
11.098000 0.156474
11.103000 0.156430
11.108000 0.156386
11.113000 0.156343
11.118000 0.156299
11.123000 0.156255
11.128000 0.156212
11.133000 0.156168
11.138000 0.156125
11.143000 0.156081
11.148000 0.156037
11.153000 0.155994
11.158000 0.155950
11.163000 0.155907
11.168000 0.155863
11.173000 0.155819
11.178000 0.155776
11.183000 0.155732
11.188000 0.155689
11.193000 0.155645
11.198000 0.155602
11.203000 0.155558
11.208000 0.155515
11.213000 0.155471
11.218000 0.155428
11.223000 0.155384
11.228000 0.155341
11.233000 0.155297
11.238000 0.155254
11.243000 0.155210
11.248000 0.155167
11.253000 0.155123
11.258000 0.155080
11.263000 0.155036
11.268000 0.154993
11.273000 0.154949
11.278000 0.154906
11.283000 0.154862
11.288000 0.154819
11.293000 0.154776
11.298000 0.154732
11.303000 0.154689
11.308000 0.154645
11.313000 0.154602
11.318000 0.154558
11.323000 0.154515
11.328000 0.154472
11.333000 0.154428
11.338000 0.154385
11.343000 0.154342
11.348000 0.154298
11.353000 0.154255
11.358000 0.154212
11.363000 0.154168
11.368000 0.154125
11.373000 0.154082
11.378000 0.154038
11.383000 0.153995
11.388000 0.153952
11.393000 0.153908
11.398000 0.153865
11.403000 0.153822
11.408000 0.153778
11.413000 0.153735
11.418000 0.153692
11.423000 0.153649
11.428000 0.153605
11.433000 0.153562
11.438000 0.153519
11.443000 0.153476
11.448000 0.153432
11.453000 0.153389
11.458000 0.153346
11.463000 0.153303
11.468000 0.153259
11.473000 0.153216
11.478000 0.153173
11.483000 0.153130
11.488000 0.153087
11.493000 0.153043
11.498000 0.153000
11.503000 0.152957
11.508000 0.152914
11.513000 0.152871
11.518000 0.152828
11.523000 0.152784
11.528000 0.152741
11.533000 0.152698
11.538000 0.152655
11.543000 0.152612
11.548000 0.152569
11.553000 0.152526
11.558000 0.152483
11.563000 0.152440
11.568000 0.152396
11.573000 0.152353
11.578000 0.152310
11.583000 0.152267
11.588000 0.152224
11.593000 0.152181
11.598000 0.152138
11.603000 0.152095
11.608000 0.152052
11.613000 0.152009
11.618000 0.151966
11.623000 0.151923
11.628000 0.151880
11.633000 0.151837
11.638000 0.151794
11.643000 0.151751
11.648000 0.151708
11.653000 0.151665
11.658000 0.151622
11.663000 0.151579
11.668000 0.151536
11.673000 0.151493
11.678000 0.151450
11.683000 0.151407
11.688000 0.151364
11.693000 0.151321
11.698000 0.151278
11.703000 0.151235
11.708000 0.151192
11.713000 0.151149
11.718000 0.151107
11.723000 0.151064
11.728000 0.151021
11.733000 0.150978
11.738000 0.150935
11.743000 0.150892
11.748000 0.150849
11.753000 0.150806
11.758000 0.150763
11.763000 0.150721
11.768000 0.150678
11.773000 0.150635
11.778000 0.150592
11.783000 0.150549
11.788000 0.150506
11.793000 0.150464
11.798000 0.150421
11.803000 0.150378
11.808000 0.150335
11.813000 0.150292
11.818000 0.150250
11.823000 0.150207
11.828000 0.150164
11.833000 0.150121
11.838000 0.150079
11.843000 0.150036
11.848000 0.149993
11.853000 0.149950
11.858000 0.149908
11.863000 0.149865
11.868000 0.149822
11.873000 0.149779
11.878000 0.149737
11.883000 0.149694
11.888000 0.149651
11.893000 0.149609
11.898000 0.149566
11.903000 0.149523
11.908000 0.149481
11.913000 0.149438
11.918000 0.149395
11.923000 0.149353
11.928000 0.149310
11.933000 0.149267
11.938000 0.149225
11.943000 0.149182
11.948000 0.149139
11.953000 0.149097
11.958000 0.149054
11.963000 0.149011
11.968000 0.148969
11.973000 0.148926
11.978000 0.148884
11.983000 0.148841
11.988000 0.148799
11.993000 0.148756
11.998000 0.148713
12.003000 0.148671
12.008000 0.148628
12.013000 0.148586
12.018000 0.148543
12.023000 0.148501
12.028000 0.148458
12.033000 0.148416
12.038000 0.148373
12.043000 0.148331
12.048000 0.148288
12.053000 0.148246
12.058000 0.148203
12.063000 0.148161
12.068000 0.148118
12.073000 0.148076
12.078000 0.148033
12.083000 0.147991
12.088000 0.147948
12.093000 0.147906
12.098000 0.147863
12.103000 0.147821
12.108000 0.147778
12.113000 0.147736
12.118000 0.147694
12.123000 0.147651
12.128000 0.147609
12.133000 0.147566
12.138000 0.147524
12.143000 0.147482
12.148000 0.147439
12.153000 0.147397
12.158000 0.147354
12.163000 0.147312
12.168000 0.147270
12.173000 0.147227
12.178000 0.147185
12.183000 0.147143
12.188000 0.147100
12.193000 0.147058
12.198000 0.147016
12.203000 0.146973
12.208000 0.146931
12.213000 0.146889
12.218000 0.146846
12.223000 0.146804
12.228000 0.146762
12.233000 0.146720
12.238000 0.146677
12.243000 0.146635
12.248000 0.146593
12.253000 0.146550
12.258000 0.146508
12.263000 0.146466
12.268000 0.146424
12.273000 0.146382
12.278000 0.146339
12.283000 0.146297
12.288000 0.146255
12.293000 0.146213
12.298000 0.146170
12.303000 0.146128
12.308000 0.146086
12.313000 0.146050
12.318000 0.146015
12.323000 0.145979
12.328000 0.145944
12.333000 0.145908
12.338000 0.145873
12.343000 0.145837
12.348000 0.145802
12.353000 0.145766
12.358000 0.145731
12.363000 0.145695
12.368000 0.145660
12.373000 0.145624
12.378000 0.145589
12.383000 0.145553
12.388000 0.145518
12.393000 0.145483
12.398000 0.145447
12.403000 0.145412
12.408000 0.145376
12.413000 0.145341
12.418000 0.145305
12.423000 0.145270
12.428000 0.145235
12.433000 0.145199
12.438000 0.145164
12.443000 0.145128
12.448000 0.145093
12.453000 0.145058
12.458000 0.145022
12.463000 0.144987
12.468000 0.144952
12.473000 0.144916
12.478000 0.144881
12.483000 0.144845
12.488000 0.144810
12.493000 0.144775
12.498000 0.144739
12.503000 0.144704
12.508000 0.144669
12.513000 0.144633
12.518000 0.144598
12.523000 0.144563
12.528000 0.144527
12.533000 0.144492
12.538000 0.144457
12.543000 0.144422
12.548000 0.144386
12.553000 0.144351
12.558000 0.144316
12.563000 0.144280
12.568000 0.144245
12.573000 0.144210
12.578000 0.144175
12.583000 0.144139
12.588000 0.144104
12.593000 0.144069
12.598000 0.144033
12.603000 0.143998
12.608000 0.143963
12.613000 0.143928
12.618000 0.143892
12.623000 0.143857
12.628000 0.143822
12.633000 0.143787
12.638000 0.143752
12.643000 0.143716
12.648000 0.143681
12.653000 0.143646
12.658000 0.143611
12.663000 0.143575
12.668000 0.143540
12.673000 0.143505
12.678000 0.143470
12.683000 0.143435
12.688000 0.143400
12.693000 0.143364
12.698000 0.143329
12.703000 0.143294
12.708000 0.143259
12.713000 0.143224
12.718000 0.143189
12.723000 0.143153
12.728000 0.143118
12.733000 0.143083
12.738000 0.143048
12.743000 0.143013
12.748000 0.142978
12.753000 0.142943
12.758000 0.142907
12.763000 0.142872
12.768000 0.142837
12.773000 0.142802
12.778000 0.142767
12.783000 0.142732
12.788000 0.142697
12.793000 0.142662
12.798000 0.142627
12.803000 0.142592
12.808000 0.142556
12.813000 0.142521
12.818000 0.142486
12.823000 0.142451
12.828000 0.142416
12.833000 0.142381
12.838000 0.142346
12.843000 0.142311
12.848000 0.142276
12.853000 0.142241
12.858000 0.142206
12.863000 0.142171
12.868000 0.142136
12.873000 0.142101
12.878000 0.142066
12.883000 0.142031
12.888000 0.141996
12.893000 0.141961
12.898000 0.141926
12.903000 0.141891
12.908000 0.141856
12.913000 0.141821
12.918000 0.141786
12.923000 0.141751
12.928000 0.141716
12.933000 0.141681
12.938000 0.141646
12.943000 0.141611
12.948000 0.141576
12.953000 0.141541
12.958000 0.141506
12.963000 0.141471
12.968000 0.141436
12.973000 0.141401
12.978000 0.141366
12.983000 0.141331
12.988000 0.141297
12.993000 0.141262
12.998000 0.141227
13.003000 0.141192
13.008000 0.141157
13.013000 0.141122
13.018000 0.141087
13.023000 0.141052
13.028000 0.141017
13.033000 0.140982
13.038000 0.140948
13.043000 0.140913
13.048000 0.140878
13.053000 0.140843
13.058000 0.140808
13.063000 0.140773
13.068000 0.140738
13.073000 0.140704
13.078000 0.140669
13.083000 0.140634
13.088000 0.140599
13.093000 0.140564
13.098000 0.140529
13.103000 0.140495
13.108000 0.140460
13.113000 0.140425
13.118000 0.140390
13.123000 0.140355
13.128000 0.140320
13.133000 0.140286
13.138000 0.140251
13.143000 0.140216
13.148000 0.140181
13.153000 0.140147
13.158000 0.140112
13.163000 0.140077
13.168000 0.140042
13.173000 0.140007
13.178000 0.139973
13.183000 0.139938
13.188000 0.139903
13.193000 0.139868
13.198000 0.139834
13.203000 0.139799
13.208000 0.139764
13.213000 0.139730
13.218000 0.139695
13.223000 0.139660
13.228000 0.139625
13.233000 0.139591
13.238000 0.139556
13.243000 0.139521
13.248000 0.139487
13.253000 0.139452
13.258000 0.139417
13.263000 0.139382
13.268000 0.139348
13.273000 0.139313
13.278000 0.139278
13.283000 0.139244
13.288000 0.139209
13.293000 0.139174
13.298000 0.139140
13.303000 0.139105
13.308000 0.139071
13.313000 0.139036
13.318000 0.139001
13.323000 0.138967
13.328000 0.138932
13.333000 0.138897
13.338000 0.138863
13.343000 0.138828
13.348000 0.138793
13.353000 0.138759
13.358000 0.138724
13.363000 0.138690
13.368000 0.138655
13.373000 0.138620
13.378000 0.138586
13.383000 0.138551
13.388000 0.138517
13.393000 0.138482
13.398000 0.138448
13.403000 0.138413
13.408000 0.138378
13.413000 0.138344
13.418000 0.138309
13.423000 0.138275
13.428000 0.138240
13.433000 0.138206
13.438000 0.138171
13.443000 0.138137
13.448000 0.138102
13.453000 0.138068
13.458000 0.138033
13.463000 0.137999
13.468000 0.137964
13.473000 0.137930
13.478000 0.137895
13.483000 0.137861
13.488000 0.137826
13.493000 0.137792
13.498000 0.137757
13.503000 0.137723
13.508000 0.137688
13.513000 0.137654
13.518000 0.137619
13.523000 0.137585
13.528000 0.137550
13.533000 0.137516
13.538000 0.137481
13.543000 0.137447
13.548000 0.137413
13.553000 0.137378
13.558000 0.137344
13.563000 0.137309
13.568000 0.137275
13.573000 0.137240
13.578000 0.137206
13.583000 0.137172
13.588000 0.137137
13.593000 0.137103
13.598000 0.137068
13.603000 0.137034
13.608000 0.137000
13.613000 0.136965
13.618000 0.136931
13.623000 0.136897
13.628000 0.136862
13.633000 0.136828
13.638000 0.136793
13.643000 0.136759
13.648000 0.136725
13.653000 0.136690
13.658000 0.136656
13.663000 0.136622
13.668000 0.136587
13.673000 0.136553
13.678000 0.136519
13.683000 0.136484
13.688000 0.136450
13.693000 0.136416
13.698000 0.136381
13.703000 0.136347
13.708000 0.136313
13.713000 0.136279
13.718000 0.136244
13.723000 0.136210
13.728000 0.136176
13.733000 0.136141
13.738000 0.136107
13.743000 0.136073
13.748000 0.136039
13.753000 0.136004
13.758000 0.135970
13.763000 0.135936
13.768000 0.135902
13.773000 0.135867
13.778000 0.135833
13.783000 0.135799
13.788000 0.135765
13.793000 0.135730
13.798000 0.135696
13.803000 0.135662
13.808000 0.135628
13.813000 0.135593
13.818000 0.135559
13.823000 0.135525
13.828000 0.135491
13.833000 0.135457
13.838000 0.135422
13.843000 0.135388
13.848000 0.135354
13.853000 0.135320
13.858000 0.135286
13.863000 0.135252
13.868000 0.135217
13.873000 0.135183
13.878000 0.135149
13.883000 0.135115
13.888000 0.135081
13.893000 0.135047
13.898000 0.135013
13.903000 0.134978
13.908000 0.134944
13.913000 0.134910
13.918000 0.134876
13.923000 0.134842
13.928000 0.134808
13.933000 0.134774
13.938000 0.134740
13.943000 0.134706
13.948000 0.134671
13.953000 0.134637
13.958000 0.134603
13.963000 0.134569
13.968000 0.134535
13.973000 0.134501
13.978000 0.134467
13.983000 0.134433
13.988000 0.134399
13.993000 0.134365
13.998000 0.134337
14.003000 0.134308
14.008000 0.134280
14.013000 0.134251
14.018000 0.134223
14.023000 0.134194
14.028000 0.134166
14.033000 0.134137
14.038000 0.134109
14.043000 0.134080
14.048000 0.134052
14.053000 0.134023
14.058000 0.133995
14.063000 0.133966
14.068000 0.133938
14.073000 0.133909
14.078000 0.133881
14.083000 0.133852
14.088000 0.133824
14.093000 0.133795
14.098000 0.133767
14.103000 0.133738
14.108000 0.133710
14.113000 0.133681
14.118000 0.133653
14.123000 0.133625
14.128000 0.133596
14.133000 0.133568
14.138000 0.133539
14.143000 0.133511
14.148000 0.133482
14.153000 0.133454
14.158000 0.133425
14.163000 0.133397
14.168000 0.133369
14.173000 0.133340
14.178000 0.133312
14.183000 0.133283
14.188000 0.133255
14.193000 0.133227
14.198000 0.133198
14.203000 0.133170
14.208000 0.133141
14.213000 0.133113
14.218000 0.133085
14.223000 0.133056
14.228000 0.133028
14.233000 0.132999
14.238000 0.132971
14.243000 0.132943
14.248000 0.132914
14.253000 0.132886
14.258000 0.132858
14.263000 0.132829
14.268000 0.132801
14.273000 0.132772
14.278000 0.132744
14.283000 0.132716
14.288000 0.132687
14.293000 0.132659
14.298000 0.132631
14.303000 0.132602
14.308000 0.132574
14.313000 0.132546
14.318000 0.132517
14.323000 0.132489
14.328000 0.132461
14.333000 0.132432
14.338000 0.132404
14.343000 0.132376
14.348000 0.132347
14.353000 0.132319
14.358000 0.132291
14.363000 0.132263
14.368000 0.132234
14.373000 0.132206
14.378000 0.132178
14.383000 0.132149
14.388000 0.132121
14.393000 0.132093
14.398000 0.132064
14.403000 0.132036
14.408000 0.132008
14.413000 0.131980
14.418000 0.131951
14.423000 0.131923
14.428000 0.131895
14.433000 0.131867
14.438000 0.131838
14.443000 0.131810
14.448000 0.131782
14.453000 0.131754
14.458000 0.131725
14.463000 0.131697
14.468000 0.131669
14.473000 0.131641
14.478000 0.131612
14.483000 0.131584
14.488000 0.131556
14.493000 0.131528
14.498000 0.131499
14.503000 0.131471
14.508000 0.131443
14.513000 0.131415
14.518000 0.131387
14.523000 0.131358
14.528000 0.131330
14.533000 0.131302
14.538000 0.131274
14.543000 0.131246
14.548000 0.131217
14.553000 0.131189
14.558000 0.131161
14.563000 0.131133
14.568000 0.131105
14.573000 0.131077
14.578000 0.131048
14.583000 0.131020
14.588000 0.130992
14.593000 0.130964
14.598000 0.130936
14.603000 0.130908
14.608000 0.130879
14.613000 0.130851
14.618000 0.130823
14.623000 0.130795
14.628000 0.130767
14.633000 0.130739
14.638000 0.130711
14.643000 0.130682
14.648000 0.130654
14.653000 0.130626
14.658000 0.130598
14.663000 0.130570
14.668000 0.130542
14.673000 0.130514
14.678000 0.130486
14.683000 0.130457
14.688000 0.130429
14.693000 0.130401
14.698000 0.130373
14.703000 0.130345
14.708000 0.130317
14.713000 0.130289
14.718000 0.130261
14.723000 0.130233
14.728000 0.130205
14.733000 0.130176
14.738000 0.130148
14.743000 0.130120
14.748000 0.130092
14.753000 0.130064
14.758000 0.130036
14.763000 0.130008
14.768000 0.129980
14.773000 0.129952
14.778000 0.129924
14.783000 0.129896
14.788000 0.129868
14.793000 0.129840
14.798000 0.129812
14.803000 0.129784
14.808000 0.129756
14.813000 0.129728
14.818000 0.129700
14.823000 0.129672
14.828000 0.129644
14.833000 0.129616
14.838000 0.129588
14.843000 0.129560
14.848000 0.129531
14.853000 0.129503
14.858000 0.129475
14.863000 0.129447
14.868000 0.129419
14.873000 0.129391
14.878000 0.129363
14.883000 0.129336
14.888000 0.129308
14.893000 0.129280
14.898000 0.129252
14.903000 0.129224
14.908000 0.129196
14.913000 0.129168
14.918000 0.129140
14.923000 0.129112
14.928000 0.129084
14.933000 0.129056
14.938000 0.129028
14.943000 0.129000
14.948000 0.128972
14.953000 0.128944
14.958000 0.128916
14.963000 0.128888
14.968000 0.128860
14.973000 0.128832
14.978000 0.128804
14.983000 0.128776
14.988000 0.128748
14.993000 0.128721
14.998000 0.128693
15.003000 0.128665
15.008000 0.128637
15.013000 0.128609
15.018000 0.128581
15.023000 0.128553
15.028000 0.128525
15.033000 0.128497
15.038000 0.128469
15.043000 0.128441
15.048000 0.128414
15.053000 0.128386
15.058000 0.128358
15.063000 0.128330
15.068000 0.128302
15.073000 0.128274
15.078000 0.128246
15.083000 0.128218
15.088000 0.128191
15.093000 0.128163
15.098000 0.128135
15.103000 0.128107
15.108000 0.128079
15.113000 0.128051
15.118000 0.128023
15.123000 0.127996
15.128000 0.127968
15.133000 0.127940
15.138000 0.127912
15.143000 0.127884
15.148000 0.127856
15.153000 0.127829
15.158000 0.127801
15.163000 0.127773
15.168000 0.127745
15.173000 0.127717
15.178000 0.127690
15.183000 0.127662
15.188000 0.127634
15.193000 0.127606
15.198000 0.127578
15.203000 0.127551
15.208000 0.127523
15.213000 0.127495
15.218000 0.127467
15.223000 0.127439
15.228000 0.127412
15.233000 0.127384
15.238000 0.127356
15.243000 0.127328
15.248000 0.127301
15.253000 0.127273
15.258000 0.127245
15.263000 0.127217
15.268000 0.127189
15.273000 0.127162
15.278000 0.127134
15.283000 0.127106
15.288000 0.127078
15.293000 0.127051
15.298000 0.127023
15.303000 0.126995
15.308000 0.126968
15.313000 0.126940
15.318000 0.126912
15.323000 0.126884
15.328000 0.126857
15.333000 0.126829
15.338000 0.126801
15.343000 0.126774
15.348000 0.126746
15.353000 0.126718
15.358000 0.126690
15.363000 0.126663
15.368000 0.126635
15.373000 0.126607
15.378000 0.126580
15.383000 0.126552
15.388000 0.126524
15.393000 0.126497
15.398000 0.126469
15.403000 0.126441
15.408000 0.126414
15.413000 0.126386
15.418000 0.126358
15.423000 0.126331
15.428000 0.126303
15.433000 0.126275
15.438000 0.126248
15.443000 0.126220
15.448000 0.126192
15.453000 0.126165
15.458000 0.126137
15.463000 0.126109
15.468000 0.126082
15.473000 0.126054
15.478000 0.126026
15.483000 0.125999
15.488000 0.125971
15.493000 0.125944
15.498000 0.125916
15.503000 0.125888
15.508000 0.125861
15.513000 0.125833
15.518000 0.125806
15.523000 0.125778
15.528000 0.125750
15.533000 0.125723
15.538000 0.125695
15.543000 0.125668
15.548000 0.125640
15.553000 0.125612
15.558000 0.125585
15.563000 0.125557
15.568000 0.125530
15.573000 0.125502
15.578000 0.125475
15.583000 0.125447
15.588000 0.125419
15.593000 0.125392
15.598000 0.125364
15.603000 0.125337
15.608000 0.125309
15.613000 0.125282
15.618000 0.125254
15.623000 0.125227
15.628000 0.125199
15.633000 0.125172
15.638000 0.125144
15.643000 0.125116
15.648000 0.125089
15.653000 0.125061
15.658000 0.125034
15.663000 0.125006
15.668000 0.124979
15.673000 0.124951
15.678000 0.124924
15.683000 0.124896
15.688000 0.124869
15.693000 0.124841
15.698000 0.124814
15.703000 0.124786
15.708000 0.124759
15.713000 0.124731
15.718000 0.124704
15.723000 0.124676
15.728000 0.124649
15.733000 0.124621
15.738000 0.124594
15.743000 0.124567
15.748000 0.124539
15.753000 0.124512
15.758000 0.124484
15.763000 0.124457
15.768000 0.124429
15.773000 0.124402
15.778000 0.124374
15.783000 0.124347
15.788000 0.124319
15.793000 0.124292
15.798000 0.124265
15.803000 0.124237
15.808000 0.124210
15.813000 0.124182
15.818000 0.124155
15.823000 0.124127
15.828000 0.124100
15.833000 0.124073
15.838000 0.124045
15.843000 0.124018
15.848000 0.123990
15.853000 0.123963
15.858000 0.123936
15.863000 0.123908
15.868000 0.123881
15.873000 0.123853
15.878000 0.123826
15.883000 0.123799
15.888000 0.123771
15.893000 0.123744
15.898000 0.123717
15.903000 0.123692
15.908000 0.123668
15.913000 0.123645
15.918000 0.123622
15.923000 0.123599
15.928000 0.123576
15.933000 0.123553
15.938000 0.123530
15.943000 0.123507
15.948000 0.123484
15.953000 0.123460
15.958000 0.123437
15.963000 0.123414
15.968000 0.123391
15.973000 0.123368
15.978000 0.123345
15.983000 0.123322
15.988000 0.123299
15.993000 0.123276
15.998000 0.123252
16.003000 0.123229
16.008000 0.123206
16.013000 0.123183
16.018000 0.123160
16.023000 0.123137
16.028000 0.123114
16.033000 0.123091
16.038000 0.123068
16.043000 0.123045
16.048000 0.123022
16.053000 0.122999
16.058000 0.122976
16.063000 0.122952
16.068000 0.122929
16.073000 0.122906
16.078000 0.122883
16.083000 0.122860
16.088000 0.122837
16.093000 0.122814
16.098000 0.122791
16.103000 0.122768
16.108000 0.122745
16.113000 0.122722
16.118000 0.122699
16.123000 0.122676
16.128000 0.122653
16.133000 0.122630
16.138000 0.122607
16.143000 0.122584
16.148000 0.122561
16.153000 0.122538
16.158000 0.122515
16.163000 0.122492
16.168000 0.122469
16.173000 0.122446
16.178000 0.122423
16.183000 0.122400
16.188000 0.122377
16.193000 0.122354
16.198000 0.122331
16.203000 0.122308
16.208000 0.122285
16.213000 0.122262
16.218000 0.122239
16.223000 0.122216
16.228000 0.122193
16.233000 0.122170
16.238000 0.122147
16.243000 0.122124
16.248000 0.122101
16.253000 0.122078
16.258000 0.122055
16.263000 0.122032
16.268000 0.122009
16.273000 0.121986
16.278000 0.121963
16.283000 0.121940
16.288000 0.121917
16.293000 0.121894
16.298000 0.121871
16.303000 0.121848
16.308000 0.121825
16.313000 0.121802
16.318000 0.121779
16.323000 0.121756
16.328000 0.121733
16.333000 0.121710
16.338000 0.121687
16.343000 0.121664
16.348000 0.121641
16.353000 0.121618
16.358000 0.121595
16.363000 0.121573
16.368000 0.121550
16.373000 0.121527
16.378000 0.121504
16.383000 0.121481
16.388000 0.121458
16.393000 0.121435
16.398000 0.121412
16.403000 0.121389
16.408000 0.121366
16.413000 0.121343
16.418000 0.121320
16.423000 0.121297
16.428000 0.121275
16.433000 0.121252
16.438000 0.121229
16.443000 0.121206
16.448000 0.121183
16.453000 0.121160
16.458000 0.121137
16.463000 0.121114
16.468000 0.121091
16.473000 0.121069
16.478000 0.121046
16.483000 0.121023
16.488000 0.121000
16.493000 0.120977
16.498000 0.120954
16.503000 0.120931
16.508000 0.120908
16.513000 0.120885
16.518000 0.120863
16.523000 0.120840
16.528000 0.120817
16.533000 0.120794
16.538000 0.120771
16.543000 0.120748
16.548000 0.120725
16.553000 0.120703
16.558000 0.120680
16.563000 0.120657
16.568000 0.120634
16.573000 0.120611
16.578000 0.120588
16.583000 0.120566
16.588000 0.120543
16.593000 0.120520
16.598000 0.120497
16.603000 0.120474
16.608000 0.120451
16.613000 0.120429
16.618000 0.120406
16.623000 0.120383
16.628000 0.120360
16.633000 0.120337
16.638000 0.120314
16.643000 0.120292
16.648000 0.120269
16.653000 0.120246
16.658000 0.120223
16.663000 0.120200
16.668000 0.120178
16.673000 0.120155
16.678000 0.120132
16.683000 0.120109
16.688000 0.120086
16.693000 0.120064
16.698000 0.120041
16.703000 0.120018
16.708000 0.119995
16.713000 0.119972
16.718000 0.119950
16.723000 0.119927
16.728000 0.119904
16.733000 0.119881
16.738000 0.119859
16.743000 0.119836
16.748000 0.119813
16.753000 0.119790
16.758000 0.119768
16.763000 0.119745
16.768000 0.119722
16.773000 0.119699
16.778000 0.119676
16.783000 0.119654
16.788000 0.119631
16.793000 0.119608
16.798000 0.119585
16.803000 0.119563
16.808000 0.119540
16.813000 0.119517
16.818000 0.119495
16.823000 0.119472
16.828000 0.119449
16.833000 0.119426
16.838000 0.119404
16.843000 0.119381
16.848000 0.119358
16.853000 0.119335
16.858000 0.119313
16.863000 0.119290
16.868000 0.119267
16.873000 0.119245
16.878000 0.119222
16.883000 0.119199
16.888000 0.119176
16.893000 0.119154
16.898000 0.119131
16.903000 0.119108
16.908000 0.119086
16.913000 0.119063
16.918000 0.119040
16.923000 0.119017
16.928000 0.118995
16.933000 0.118972
16.938000 0.118949
16.943000 0.118927
16.948000 0.118904
16.953000 0.118881
16.958000 0.118859
16.963000 0.118836
16.968000 0.118813
16.973000 0.118791
16.978000 0.118768
16.983000 0.118745
16.988000 0.118723
16.993000 0.118700
16.998000 0.118677
17.003000 0.118655
17.008000 0.118632
17.013000 0.118609
17.018000 0.118587
17.023000 0.118564
17.028000 0.118541
17.033000 0.118519
17.038000 0.118496
17.043000 0.118474
17.048000 0.118451
17.053000 0.118428
17.058000 0.118406
17.063000 0.118383
17.068000 0.118360
17.073000 0.118338
17.078000 0.118315
17.083000 0.118292
17.088000 0.118270
17.093000 0.118247
17.098000 0.118225
17.103000 0.118202
17.108000 0.118179
17.113000 0.118157
17.118000 0.118134
17.123000 0.118112
17.128000 0.118089
17.133000 0.118066
17.138000 0.118044
17.143000 0.118021
17.148000 0.117999
17.153000 0.117976
17.158000 0.117953
17.163000 0.117931
17.168000 0.117908
17.173000 0.117886
17.178000 0.117863
17.183000 0.117840
17.188000 0.117818
17.193000 0.117795
17.198000 0.117773
17.203000 0.117750
17.208000 0.117728
17.213000 0.117705
17.218000 0.117682
17.223000 0.117660
17.228000 0.117637
17.233000 0.117615
17.238000 0.117592
17.243000 0.117570
17.248000 0.117547
17.253000 0.117525
17.258000 0.117502
17.263000 0.117479
17.268000 0.117457
17.273000 0.117434
17.278000 0.117412
17.283000 0.117389
17.288000 0.117367
17.293000 0.117344
17.298000 0.117322
17.303000 0.117299
17.308000 0.117277
17.313000 0.117254
17.318000 0.117232
17.323000 0.117209
17.328000 0.117187
17.333000 0.117164
17.338000 0.117142
17.343000 0.117119
17.348000 0.117097
17.353000 0.117074
17.358000 0.117052
17.363000 0.117029
17.368000 0.117007
17.373000 0.116984
17.378000 0.116962
