0.003000 0.000000
0.008000 0.000000
0.013000 0.000000
0.018000 0.000000
0.023000 0.000000
0.028000 0.000000
0.033000 0.000000
0.038000 0.000000
0.043000 0.000000
0.048000 0.000000
0.053000 6.794188
0.058000 6.871884
0.063000 6.965972
0.068000 7.067085
0.073000 7.184132
0.078000 7.299456
0.083000 7.428013
0.088000 7.554794
0.093000 7.677507
0.098000 7.813873
0.103000 7.946733
0.108000 8.073515
0.113000 8.194942
0.118000 8.311643
0.123000 8.434095
0.128000 8.555299
0.133000 8.670913
0.138000 8.781366
0.143000 8.887052
0.148000 8.988330
0.153000 9.085527
0.158000 9.178944
0.163000 9.268859
0.168000 9.355523
0.173000 9.439171
0.178000 9.520552
0.183000 9.599469
0.188000 9.675875
0.193000 9.749940
0.198000 9.821824
0.203000 9.891674
0.208000 9.959626
0.213000 10.025807
0.218000 10.090335
0.223000 10.153320
0.228000 10.214864
0.233000 10.274088
0.238000 10.327251
0.243000 10.379788
0.248000 10.431759
0.253000 10.483219
0.258000 10.534217
0.263000 10.584798
0.268000 10.634771
0.273000 10.678975
0.278000 10.723286
0.283000 10.767713
0.288000 10.812265
0.293000 10.855364
0.298000 10.895283
0.303000 10.935615
0.308000 10.976340
0.313000 11.017436
0.318000 11.054832
0.323000 11.092374
0.328000 11.130390
0.333000 11.168837
0.338000 11.207744
0.343000 11.247005
0.348000 11.286774
0.353000 11.328864
0.358000 11.371111
0.363000 11.415536
0.368000 11.460080
0.373000 11.504639
0.378000 11.552042
0.383000 11.602050
0.388000 11.651904
0.393000 11.701590
0.398000 11.751091
0.403000 11.802390
0.408000 11.857178
0.413000 11.911679
0.418000 11.965884
0.423000 12.019788
0.428000 12.073380
0.433000 12.129738
0.438000 12.187411
0.443000 12.244726
0.448000 12.301680
0.453000 12.358269
0.458000 12.414488
0.463000 12.472149
0.468000 12.533426
0.473000 12.594311
0.478000 12.654803
0.483000 12.714903
0.488000 12.774610
0.493000 12.833922
0.498000 12.894098
0.503000 12.980785
0.508000 13.066773
0.513000 13.152061
0.518000 13.236650
0.523000 13.320541
0.528000 13.403733
0.533000 13.486226
0.538000 13.570829
0.543000 13.656583
0.548000 13.741731
0.553000 13.826273
0.558000 13.910211
0.563000 13.993544
0.568000 14.076272
0.573000 14.158396
0.578000 14.240410
0.583000 14.325727
0.588000 14.410520
0.593000 14.494791
0.598000 14.578541
0.603000 14.661768
0.608000 14.744474
0.613000 14.826660
0.618000 14.908324
0.623000 14.989469
0.628000 15.072207
0.633000 15.155336
0.638000 15.237996
0.643000 15.320188
0.648000 15.401911
0.653000 15.483167
0.658000 15.563955
0.663000 15.644276
0.668000 15.724130
0.673000 15.803518
0.678000 15.884008
0.683000 15.966605
0.688000 16.048801
0.693000 16.130595
0.698000 16.211988
0.703000 16.292981
0.708000 16.373572
0.713000 16.453764
0.718000 16.533556
0.723000 16.612948
0.728000 16.691941
0.733000 16.770535
0.738000 16.851346
0.743000 16.932327
0.748000 17.012954
0.753000 17.093228
0.758000 17.173149
0.763000 17.252718
0.768000 17.331935
0.773000 17.410800
0.778000 17.489314
0.783000 17.567476
0.788000 17.645287
0.793000 17.722747
0.798000 17.800187
0.803000 17.879943
0.808000 17.959388
0.813000 18.038522
0.818000 18.117346
0.823000 18.195860
0.828000 18.274063
0.833000 18.351957
0.838000 18.429542
0.843000 18.506817
0.848000 18.583784
0.853000 18.660441
0.858000 18.736790
0.863000 18.812831
0.868000 18.888702
0.873000 18.967044
0.878000 19.045114
0.883000 19.122911
0.888000 19.200435
0.893000 19.277688
0.898000 19.354669
0.903000 19.431378
0.908000 19.507815
0.913000 19.583982
0.918000 19.659877
0.923000 19.735502
0.928000 19.810856
0.933000 19.885940
0.938000 19.960753
0.943000 20.035297
0.948000 20.110344
0.953000 20.187286
0.958000 20.263991
0.963000 20.340458
0.968000 20.416689
0.973000 20.492682
0.978000 20.568439
0.983000 20.643960
0.988000 20.719245
0.993000 20.794293
0.998000 20.869105
1.003000 20.943682
1.008000 21.018024
1.013000 21.092130
1.018000 21.166001
1.023000 21.239637
1.028000 21.313038
1.033000 21.386204
1.038000 21.460823
1.043000 21.536270
1.048000 21.611509
1.053000 21.686541
1.058000 21.761367
1.063000 21.835986
1.068000 21.910399
1.073000 21.984606
1.078000 22.058607
1.083000 22.132403
1.088000 22.205992
1.093000 22.279377
1.098000 22.352556
1.103000 22.425529
1.108000 22.498298
1.113000 22.570862
1.118000 22.643221
1.123000 22.715376
1.128000 22.787326
1.133000 22.859072
1.138000 22.931927
1.143000 23.005688
1.148000 23.079267
1.153000 23.152664
1.158000 23.225880
1.163000 23.298914
1.168000 23.371766
1.173000 23.444438
1.178000 23.516928
1.183000 23.589237
1.188000 23.661365
1.193000 23.733312
1.198000 23.805079
1.203000 23.876665
1.208000 23.948071
1.213000 24.019297
1.218000 24.090342
1.223000 24.161207
1.228000 24.231893
1.233000 24.302398
1.238000 24.372724
1.243000 24.442870
1.248000 24.512837
1.253000 24.583145
1.258000 24.655338
1.263000 24.727372
1.268000 24.799249
1.273000 24.870968
1.278000 24.942529
1.283000 25.013933
1.288000 25.085180
1.293000 25.156269
1.298000 25.227201
1.303000 25.297977
1.308000 25.368595
1.313000 25.439056
1.318000 25.509361
1.323000 25.579509
1.328000 25.649501
1.333000 25.719336
1.338000 25.789015
1.343000 25.858538
1.348000 25.927904
1.353000 25.997115
1.358000 26.066170
1.363000 26.135069
1.368000 26.203812
1.373000 26.272399
1.378000 26.340831
1.383000 26.409108
1.388000 26.477229
1.393000 26.547368
1.398000 26.617534
1.403000 26.687562
1.408000 26.757453
1.413000 26.827205
1.418000 26.896821
1.423000 26.966299
1.428000 27.035639
1.433000 27.104843
1.438000 27.173909
1.443000 27.242838
1.448000 27.311630
1.453000 27.380286
1.458000 27.448804
1.463000 27.517186
1.468000 27.585431
1.473000 27.653540
1.478000 27.721512
1.483000 27.789348
1.488000 27.857048
1.493000 27.924611
1.498000 27.992038
1.503000 28.059329
1.508000 28.126484
1.513000 28.193504
1.518000 28.260387
1.523000 28.327134
1.528000 28.393746
1.533000 28.460222
1.538000 28.526563
1.543000 28.592768
1.548000 28.658838
1.553000 28.725623
1.558000 28.793962
1.563000 28.862181
1.568000 28.930283
1.573000 28.998266
1.578000 29.066131
1.583000 29.133877
1.588000 29.201506
1.593000 29.269016
1.598000 29.336409
1.603000 29.403684
1.608000 29.470841
1.613000 29.537880
1.618000 29.604802
1.623000 29.671606
1.628000 29.738292
1.633000 29.804861
1.638000 29.871313
1.643000 29.937647
1.648000 30.003864
1.653000 30.069964
1.658000 30.135947
1.663000 30.201813
1.668000 30.267561
1.673000 30.333193
1.678000 30.398708
1.683000 30.464106
1.688000 30.529387
1.693000 30.594552
1.698000 30.659600
1.703000 30.724531
1.708000 30.789346
1.713000 30.854044
1.718000 30.918626
1.723000 30.983091
1.728000 31.047440
1.733000 31.111673
1.738000 31.175790
1.743000 31.239790
1.748000 31.303936
1.753000 31.370007
1.758000 31.435977
1.763000 31.501843
1.768000 31.567608
1.773000 31.633270
1.778000 31.698830
1.783000 31.764287
1.788000 31.829643
1.793000 31.894897
1.798000 31.960048
1.803000 32.025097
1.808000 32.090045
1.813000 32.154891
1.818000 32.219635
1.823000 32.284277
1.828000 32.348817
1.833000 32.413256
1.838000 32.477593
1.843000 32.541829
1.848000 32.605963
1.853000 32.669995
1.858000 32.733926
1.863000 32.797756
1.868000 32.861485
1.873000 32.925112
1.878000 32.988638
1.883000 33.052063
1.888000 33.115387
1.893000 33.178609
1.898000 33.241731
1.903000 33.304752
1.908000 33.367671
1.913000 33.430490
1.918000 33.493208
1.923000 33.555825
1.928000 33.618341
1.933000 33.680757
1.938000 33.743071
1.943000 33.805285
1.948000 33.867399
1.953000 33.929412
1.958000 33.991324
1.963000 34.053136
1.968000 34.114847
1.973000 34.176458
1.978000 34.237969
1.983000 34.300323
1.988000 34.364092
1.993000 34.427772
1.998000 34.491365
2.003000 34.554871
2.008000 34.618289
2.013000 34.681620
2.018000 34.744864
2.023000 34.808020
2.028000 34.871089
2.033000 34.934071
2.038000 34.996966
2.043000 35.059773
2.048000 35.122494
2.053000 35.185127
2.058000 35.247674
2.063000 35.310133
2.068000 35.372506
2.073000 35.434792
2.078000 35.496991
2.083000 35.559103
2.088000 35.621128
2.093000 35.683067
2.098000 35.744918
2.103000 35.806684
2.108000 35.868362
2.113000 35.929954
2.118000 35.991460
2.123000 36.052879
2.128000 36.114212
2.133000 36.175458
2.138000 36.236617
2.143000 36.297691
2.148000 36.358677
2.153000 36.419578
2.158000 36.480392
2.163000 36.541121
2.168000 36.601762
2.173000 36.662318
2.178000 36.722788
2.183000 36.783171
2.188000 36.843469
2.193000 36.903680
2.198000 36.963805
2.203000 37.023844
2.208000 37.083798
2.213000 37.143665
2.218000 37.203446
2.223000 37.263142
2.228000 37.322752
2.233000 37.382275
2.238000 37.441713
2.243000 37.501066
2.248000 37.560332
2.253000 37.619513
2.258000 37.679187
2.263000 37.740690
2.268000 37.802119
2.273000 37.863474
2.278000 37.924754
2.283000 37.985961
2.288000 38.047093
2.293000 38.108151
2.298000 38.169136
2.303000 38.230046
2.308000 38.290882
2.313000 38.351644
2.318000 38.412332
2.323000 38.472946
2.328000 38.533487
2.333000 38.593953
2.338000 38.654346
2.343000 38.714665
2.348000 38.774910
2.353000 38.835082
2.358000 38.895179
2.363000 38.955203
2.368000 39.015154
2.373000 39.075030
2.378000 39.134834
2.383000 39.194563
2.388000 39.254219
2.393000 39.313802
2.398000 39.373311
2.403000 39.432746
2.408000 39.492108
2.413000 39.551397
2.418000 39.610613
2.423000 39.669755
2.428000 39.728823
2.433000 39.787819
2.438000 39.846741
2.443000 39.905589
2.448000 39.964365
2.453000 40.023067
2.458000 40.081697
2.463000 40.140253
2.468000 40.198735
2.473000 40.257145
2.478000 40.315482
2.483000 40.373746
2.488000 40.431936
2.493000 40.490054
2.498000 40.548098
2.503000 40.606070
2.508000 40.663968
2.513000 40.721794
2.518000 40.779547
2.523000 40.837227
2.528000 40.894834
2.533000 40.952368
2.538000 41.009829
2.543000 41.067217
2.548000 41.124533
2.553000 41.181776
2.558000 41.238946
2.563000 41.296044
2.568000 41.353068
2.573000 41.410020
2.578000 41.467998
2.583000 41.527230
2.588000 41.586398
2.593000 41.645504
2.598000 41.704546
2.603000 41.763526
2.608000 41.822443
2.613000 41.881297
2.618000 41.940089
2.623000 41.998817
2.628000 42.057483
2.633000 42.116086
2.638000 42.174627
2.643000 42.233105
2.648000 42.291520
2.653000 42.349872
2.658000 42.408162
2.663000 42.466389
2.668000 42.524554
2.673000 42.582656
2.678000 42.640696
2.683000 42.698673
2.688000 42.756588
2.693000 42.814440
2.698000 42.872230
2.703000 42.929957
2.708000 42.987622
2.713000 43.045224
2.718000 43.102765
2.723000 43.160242
2.728000 43.217658
2.733000 43.275011
2.738000 43.332302
2.743000 43.389531
2.748000 43.446697
2.753000 43.503802
2.758000 43.560844
2.763000 43.617824
2.768000 43.674741
2.773000 43.731597
2.778000 43.788390
2.783000 43.845122
2.788000 43.901791
2.793000 43.958398
2.798000 44.014943
2.803000 44.071426
2.808000 44.127847
2.813000 44.184206
2.818000 44.240503
2.823000 44.296738
2.828000 44.352911
2.833000 44.409023
2.838000 44.465072
2.843000 44.521059
2.848000 44.576985
2.853000 44.632848
2.858000 44.688650
2.863000 44.744390
2.868000 44.800068
2.873000 44.855684
2.878000 44.911239
2.883000 44.966732
2.888000 45.022163
2.893000 45.077532
2.898000 45.132839
2.903000 45.188085
2.908000 45.243269
2.913000 45.298392
2.918000 45.353452
2.923000 45.408451
2.928000 45.463389
2.933000 45.518265
2.938000 45.573079
2.943000 45.629049
2.948000 45.686049
2.953000 45.742995
2.958000 45.799888
2.963000 45.856728
2.968000 45.913514
2.973000 45.970247
2.978000 46.026926
2.983000 46.083552
2.988000 46.140125
2.993000 46.196644
2.998000 46.253110
3.003000 46.309523
3.008000 46.365882
3.013000 46.422188
3.018000 46.478441
3.023000 46.534641
3.028000 46.590788
3.033000 46.646881
3.038000 46.702921
3.043000 46.758908
3.048000 46.814842
3.053000 46.870722
3.058000 46.926550
3.063000 46.982324
3.068000 47.038045
3.073000 47.093714
3.078000 47.149329
3.083000 47.204891
3.088000 47.260400
3.093000 47.315856
3.098000 47.371259
3.103000 47.426609
3.108000 47.481907
3.113000 47.537151
3.118000 47.592342
3.123000 47.647480
3.128000 47.702566
3.133000 47.757598
3.138000 47.812578
3.143000 47.867505
3.148000 47.922378
3.153000 47.977199
3.158000 48.031968
3.163000 48.086683
3.168000 48.141346
3.173000 48.195955
3.178000 48.250513
3.183000 48.305017
3.188000 48.359468
3.193000 48.413867
3.198000 48.468213
3.203000 48.522507
3.208000 48.576747
3.213000 48.630935
3.218000 48.685070
3.223000 48.739153
3.228000 48.793183
3.233000 48.847160
3.238000 48.901085
3.243000 48.954957
3.248000 49.008777
3.253000 49.062544
3.258000 49.116258
3.263000 49.169920
3.268000 49.223529
3.273000 49.277086
3.278000 49.330590
3.283000 49.384042
3.288000 49.437441
3.293000 49.490787
3.298000 49.544082
3.303000 49.597323
3.308000 49.650513
3.313000 49.703649
3.318000 49.756734
3.323000 49.809766
3.328000 49.862745
3.333000 49.915672
3.338000 49.968547
3.343000 50.021369
3.348000 50.074139
3.353000 50.126857
3.358000 50.179522
3.363000 50.234253
3.368000 50.289004
3.373000 50.343709
3.378000 50.398369
3.383000 50.452983
3.388000 50.507551
3.393000 50.562074
3.398000 50.616551
3.403000 50.670983
3.408000 50.725370
3.413000 50.779711
3.418000 50.834006
3.423000 50.888256
3.428000 50.942460
3.433000 50.996619
3.438000 51.050733
3.443000 51.104801
3.448000 51.158824
3.453000 51.212801
3.458000 51.266733
3.463000 51.320620
3.468000 51.374461
3.473000 51.428257
3.478000 51.482007
3.483000 51.535712
3.488000 51.589372
3.493000 51.642987
3.498000 51.696556
3.503000 51.750080
3.508000 51.803559
3.513000 51.856992
3.518000 51.910381
3.523000 51.963724
3.528000 52.017021
3.533000 52.070274
3.538000 52.123481
3.543000 52.176643
3.548000 52.229760
3.553000 52.282832
3.558000 52.335859
3.563000 52.388840
3.568000 52.441776
3.573000 52.494668
3.578000 52.547514
3.583000 52.600315
3.588000 52.653071
3.593000 52.705781
3.598000 52.758447
3.603000 52.811068
3.608000 52.863643
3.613000 52.916174
3.618000 52.968659
3.623000 53.021099
3.628000 53.073495
3.633000 53.125845
3.638000 53.178151
3.643000 53.230411
3.648000 53.282626
3.653000 53.334797
3.658000 53.386922
3.663000 53.439003
3.668000 53.491038
3.673000 53.543029
3.678000 53.594974
3.683000 53.646875
3.688000 53.698731
3.693000 53.750542
3.698000 53.802308
3.703000 53.854029
3.708000 53.905705
3.713000 53.957337
3.718000 54.008923
3.723000 54.060465
3.728000 54.111962
3.733000 54.163414
3.738000 54.214821
3.743000 54.266183
3.748000 54.317501
3.753000 54.368773
3.758000 54.420001
3.763000 54.471185
3.768000 54.522323
3.773000 54.573417
3.778000 54.624465
3.783000 54.675469
3.788000 54.726429
3.793000 54.777343
3.798000 54.828213
3.803000 54.879038
3.808000 54.929819
3.813000 54.980554
3.818000 55.031245
3.823000 55.081892
3.828000 55.132493
3.833000 55.183050
3.838000 55.235257
3.843000 55.288099
3.848000 55.340902
3.853000 55.393667
3.858000 55.446394
3.863000 55.499083
3.868000 55.551734
3.873000 55.604346
3.878000 55.656920
3.883000 55.709456
3.888000 55.761954
3.893000 55.814413
3.898000 55.866835
3.903000 55.919218
3.908000 55.971563
3.913000 56.023870
3.918000 56.076139
3.923000 56.128370
3.928000 56.180562
3.933000 56.232717
3.938000 56.284833
3.943000 56.336912
3.948000 56.388952
3.953000 56.440954
3.958000 56.492918
3.963000 56.544844
3.968000 56.596732
3.973000 56.648582
3.978000 56.700394
3.983000 56.752168
3.988000 56.803904
3.993000 56.855602
3.998000 56.907262
4.003000 56.958884
4.008000 57.010468
4.013000 57.062014
4.018000 57.113522
4.023000 57.164992
4.028000 57.216425
4.033000 57.267819
4.038000 57.319175
4.043000 57.370494
4.048000 57.421774
4.053000 57.473017
4.058000 57.524222
4.063000 57.575389
4.068000 57.626517
4.073000 57.677609
4.078000 57.728662
4.083000 57.779677
4.088000 57.830655
4.093000 57.881594
4.098000 57.932496
4.103000 57.983360
4.108000 58.034187
4.113000 58.084975
4.118000 58.135726
4.123000 58.186439
4.128000 58.237114
4.133000 58.287751
4.138000 58.338350
4.143000 58.388912
4.148000 58.439436
4.153000 58.489922
4.158000 58.540371
4.163000 58.590781
4.168000 58.641155
4.173000 58.691490
4.178000 58.741787
4.183000 58.792047
4.188000 58.842269
4.193000 58.892454
4.198000 58.942601
4.203000 58.992710
4.208000 59.042781
4.213000 59.092815
4.218000 59.142811
4.223000 59.192769
4.228000 59.242690
4.233000 59.292573
4.238000 59.342419
4.243000 59.392227
4.248000 59.441997
4.253000 59.491730
4.258000 59.541425
4.263000 59.591082
4.268000 59.640702
4.273000 59.690284
4.278000 59.739829
4.283000 59.789336
4.288000 59.838805
4.293000 59.888237
4.298000 59.937632
4.303000 59.986988
4.308000 60.036308
4.313000 60.085589
4.318000 60.134833
4.323000 60.184040
4.328000 60.233209
4.333000 60.282341
4.338000 60.331435
4.343000 60.380491
4.348000 60.429510
4.353000 60.478492
4.358000 60.527436
4.363000 60.576343
4.368000 60.625212
4.373000 60.674043
4.378000 60.723543
4.383000 60.774295
4.388000 60.825014
4.393000 60.875700
4.398000 60.926354
4.403000 60.976975
4.408000 61.027563
4.413000 61.078118
4.418000 61.128641
4.423000 61.179131
4.428000 61.229588
4.433000 61.280013
4.438000 61.330405
4.443000 61.380764
4.448000 61.431091
4.453000 61.481385
4.458000 61.531646
4.463000 61.581875
4.468000 61.632071
4.473000 61.682235
4.478000 61.732366
4.483000 61.782464
4.488000 61.832530
4.493000 61.882563
4.498000 61.932563
4.503000 61.982531
4.508000 62.032466
4.513000 62.082369
4.518000 62.132239
4.523000 62.182077
4.528000 62.231882
4.533000 62.281654
4.538000 62.331394
4.543000 62.381102
4.548000 62.430776
4.553000 62.480419
4.558000 62.530029
4.563000 62.579606
4.568000 62.629151
4.573000 62.678663
4.578000 62.728143
4.583000 62.777590
4.588000 62.827005
4.593000 62.876387
4.598000 62.925737
4.603000 62.975055
4.608000 63.024340
4.613000 63.073592
4.618000 63.122812
4.623000 63.172000
4.628000 63.221155
4.633000 63.270278
4.638000 63.319368
4.643000 63.368426
4.648000 63.417452
4.653000 63.466445
4.658000 63.515405
4.663000 63.564334
4.668000 63.613230
4.673000 63.662093
4.678000 63.710924
4.683000 63.759723
4.688000 63.808489
4.693000 63.857223
4.698000 63.905925
4.703000 63.954594
4.708000 64.003231
4.713000 64.051836
4.718000 64.100408
4.723000 64.148948
4.728000 64.197456
4.733000 64.245931
4.738000 64.294374
4.743000 64.342785
4.748000 64.391163
4.753000 64.439509
4.758000 64.487823
4.763000 64.536104
4.768000 64.584353
4.773000 64.632570
4.778000 64.680755
4.783000 64.728907
4.788000 64.777027
4.793000 64.825115
4.798000 64.873170
4.803000 64.921194
4.808000 64.969185
4.813000 65.017144
4.818000 65.065070
4.823000 65.112964
4.828000 65.160826
4.833000 65.208656
4.838000 65.256454
4.843000 65.304219
4.848000 65.351953
4.853000 65.399654
4.858000 65.447322
4.863000 65.494959
4.868000 65.542563
4.873000 65.590135
4.878000 65.637676
4.883000 65.685183
4.888000 65.732659
4.893000 65.780102
4.898000 65.827514
4.903000 65.874893
4.908000 65.922240
4.913000 65.969555
4.918000 66.016837
4.923000 66.064088
4.928000 66.111306
4.933000 66.158493
4.938000 66.205647
4.943000 66.252769
4.948000 66.299859
4.953000 66.346916
4.958000 66.393942
4.963000 66.440935
4.968000 66.487897
4.973000 66.534826
4.978000 66.581723
4.983000 66.628588
4.988000 66.676015
4.993000 66.724864
4.998000 66.773686
5.003000 66.822479
5.008000 66.871245
5.013000 66.919983
5.018000 66.968693
5.023000 67.017376
5.028000 67.066030
5.033000 67.114657
5.038000 67.163256
5.043000 67.211827
5.048000 67.260370
5.053000 67.308886
5.058000 67.357374
5.063000 67.405834
5.068000 67.454266
5.073000 67.502671
5.078000 67.551048
5.083000 67.599397
5.088000 67.647718
5.093000 67.696012
5.098000 67.744277
5.103000 67.792516
5.108000 67.840726
5.113000 67.888909
5.118000 67.937064
5.123000 67.985191
5.128000 68.033291
5.133000 68.081363
5.138000 68.129407
5.143000 68.177423
5.148000 68.225412
5.153000 68.273373
5.158000 68.321307
5.163000 68.369213
5.168000 68.417091
5.173000 68.464942
5.178000 68.512764
5.183000 68.560560
5.188000 68.608327
5.193000 68.656067
5.198000 68.703779
5.203000 68.751464
5.208000 68.799121
5.213000 68.846751
5.218000 68.894352
5.223000 68.941927
5.228000 68.989473
5.233000 69.036992
5.238000 69.084483
5.243000 69.131947
5.248000 69.179383
5.253000 69.226792
5.258000 69.274173
5.263000 69.321526
5.268000 69.368852
5.273000 69.416151
5.278000 69.463421
5.283000 69.510664
5.288000 69.557880
5.293000 69.605068
5.298000 69.652229
5.303000 69.699361
5.308000 69.746467
5.313000 69.793545
5.318000 69.840595
5.323000 69.887618
5.328000 69.934613
5.333000 69.981581
5.338000 70.028521
5.343000 70.075434
5.348000 70.122319
5.353000 70.169177
5.358000 70.216007
5.363000 70.262809
5.368000 70.309585
5.373000 70.356332
5.378000 70.403053
5.383000 70.449745
5.388000 70.496411
5.393000 70.543048
5.398000 70.589659
5.403000 70.636241
5.408000 70.682797
5.413000 70.729325
5.418000 70.775825
5.423000 70.822298
5.428000 70.868744
5.433000 70.915162
5.438000 70.961552
5.443000 71.007916
5.448000 71.054251
5.453000 71.100560
5.458000 71.146841
5.463000 71.193094
5.468000 71.239320
5.473000 71.285519
5.478000 71.331690
5.483000 71.377834
5.488000 71.423950
5.493000 71.470039
5.498000 71.516101
5.503000 71.562135
5.508000 71.608142
5.513000 71.654121
5.518000 71.700073
5.523000 71.745998
5.528000 71.791895
5.533000 71.837765
5.538000 71.883607
5.543000 71.929422
5.548000 71.975210
5.553000 72.020971
5.558000 72.066704
5.563000 72.112409
5.568000 72.158088
5.573000 72.203739
5.578000 72.249362
5.583000 72.294959
5.588000 72.340527
5.593000 72.386069
5.598000 72.431583
5.603000 72.477070
5.608000 72.522530
5.613000 72.567962
5.618000 72.613367
5.623000 72.658745
5.628000 72.704095
5.633000 72.749418
5.638000 72.794713
5.643000 72.839982
5.648000 72.885223
5.653000 72.930437
5.658000 72.975623
5.663000 73.020782
5.668000 73.065914
5.673000 73.111019
5.678000 73.156096
5.683000 73.203159
5.688000 73.250223
5.693000 73.297263
5.698000 73.344280
5.703000 73.391273
5.708000 73.438242
5.713000 73.485188
5.718000 73.532111
5.723000 73.579010
5.728000 73.625885
5.733000 73.672737
5.738000 73.719566
5.743000 73.766371
5.748000 73.813152
5.753000 73.859910
5.758000 73.906645
5.763000 73.953355
5.768000 74.000043
5.773000 74.046707
5.778000 74.093347
5.783000 74.139964
5.788000 74.186557
5.793000 74.233127
5.798000 74.279674
5.803000 74.326197
5.808000 74.372696
5.813000 74.419172
5.818000 74.465625
5.823000 74.512054
5.828000 74.558460
5.833000 74.604842
5.838000 74.651201
5.843000 74.697536
5.848000 74.743848
5.853000 74.790137
5.858000 74.836402
5.863000 74.882643
5.868000 74.928861
5.873000 74.975056
5.878000 75.021227
5.883000 75.067375
5.888000 75.113500
5.893000 75.159601
5.898000 75.205678
5.903000 75.251733
5.908000 75.297763
5.913000 75.343771
5.918000 75.389755
5.923000 75.435716
5.928000 75.481653
5.933000 75.527567
5.938000 75.573457
5.943000 75.619324
5.948000 75.665168
5.953000 75.710989
5.958000 75.756786
5.963000 75.802559
5.968000 75.848309
5.973000 75.894036
5.978000 75.939740
5.983000 75.985420
5.988000 76.031077
5.993000 76.076711
5.998000 76.122321
6.003000 76.167908
6.008000 76.213471
6.013000 76.259011
6.018000 76.304528
6.023000 76.350022
6.028000 76.395492
6.033000 76.440939
6.038000 76.486362
6.043000 76.531762
6.048000 76.577139
6.053000 76.622493
6.058000 76.667823
6.063000 76.713130
6.068000 76.758414
6.073000 76.803674
6.078000 76.848911
6.083000 76.894125
6.088000 76.939316
6.093000 76.984483
6.098000 77.029627
6.103000 77.074747
6.108000 77.119845
6.113000 77.164919
6.118000 77.209970
6.123000 77.254997
6.128000 77.300001
6.133000 77.344982
6.138000 77.389940
6.143000 77.434875
6.148000 77.479786
6.153000 77.524674
6.158000 77.569539
6.163000 77.614380
6.168000 77.659198
6.173000 77.703993
6.178000 77.748765
6.183000 77.793514
6.188000 77.838239
6.193000 77.882941
6.198000 77.927620
6.203000 77.972276
6.208000 78.016908
6.213000 78.061517
6.218000 78.106103
6.223000 78.150666
6.228000 78.195205
6.233000 78.239722
6.238000 78.284215
6.243000 78.328685
6.248000 78.373131
6.253000 78.417555
6.258000 78.461955
6.263000 78.506332
6.268000 78.550686
6.273000 78.595017
6.278000 78.639324
6.283000 78.683609
6.288000 78.727870
6.293000 78.772108
6.298000 78.816323
6.303000 78.860514
6.308000 78.904683
6.313000 78.948828
6.318000 78.992950
6.323000 79.037049
6.328000 79.081125
6.333000 79.125178
6.338000 79.169207
6.343000 79.213213
6.348000 79.257196
6.353000 79.301156
6.358000 79.345093
6.363000 79.389007
6.368000 79.432898
6.373000 79.476765
6.378000 79.520609
6.383000 79.564430
6.388000 79.608228
6.393000 79.652003
6.398000 79.695755
6.403000 79.739484
6.408000 79.783189
6.413000 79.826872
6.418000 79.870531
6.423000 79.914167
6.428000 79.957780
6.433000 80.001370
6.438000 80.044937
6.443000 80.088480
6.448000 80.132001
6.453000 80.175498
6.458000 80.218973
6.463000 80.262424
6.468000 80.306836
6.473000 80.352187
6.478000 80.397518
6.483000 80.442829
6.488000 80.488120
6.493000 80.533391
6.498000 80.578642
6.503000 80.623873
6.508000 80.669084
6.513000 80.714275
6.518000 80.759447
6.523000 80.804598
6.528000 80.849729
6.533000 80.894841
6.538000 80.939932
6.543000 80.985004
6.548000 81.030055
6.553000 81.075087
6.558000 81.120099
6.563000 81.165091
6.568000 81.210063
6.573000 81.255014
6.578000 81.299947
6.583000 81.344859
6.588000 81.389751
6.593000 81.434623
6.598000 81.479476
6.603000 81.524308
6.608000 81.569121
6.613000 81.613913
6.618000 81.658686
6.623000 81.703439
6.628000 81.748172
6.633000 81.792885
6.638000 81.837579
6.643000 81.882252
6.648000 81.926905
6.653000 81.971539
6.658000 82.016153
6.663000 82.060746
6.668000 82.105320
6.673000 82.149875
6.678000 82.194409
6.683000 82.238923
6.688000 82.283418
6.693000 82.327892
6.698000 82.372347
6.703000 82.416782
6.708000 82.461197
6.713000 82.505592
6.718000 82.549968
6.723000 82.594323
6.728000 82.638659
6.733000 82.682975
6.738000 82.727271
6.743000 82.771547
6.748000 82.815804
6.753000 82.860040
6.758000 82.904257
6.763000 82.948454
6.768000 82.992631
6.773000 83.036788
6.778000 83.080926
6.783000 83.125043
6.788000 83.169141
6.793000 83.213219
6.798000 83.257277
6.803000 83.301316
6.808000 83.345334
6.813000 83.389333
6.818000 83.433312
6.823000 83.477271
6.828000 83.521211
6.833000 83.565130
6.838000 83.609030
6.843000 83.652910
6.848000 83.696770
6.853000 83.740611
6.858000 83.784431
6.863000 83.828232
6.868000 83.872013
6.873000 83.915775
6.878000 83.959516
6.883000 84.003238
6.888000 84.046940
6.893000 84.090623
6.898000 84.134285
6.903000 84.177928
6.908000 84.221551
6.913000 84.265154
6.918000 84.308738
6.923000 84.352301
6.928000 84.395845
6.933000 84.439370
6.938000 84.482874
6.943000 84.526359
6.948000 84.569824
6.953000 84.613269
6.958000 84.656695
6.963000 84.700101
6.968000 84.743487
6.973000 84.786853
6.978000 84.830200
6.983000 84.873527
6.988000 84.916834
6.993000 84.960121
6.998000 85.003389
7.003000 85.046637
7.008000 85.089865
7.013000 85.133074
7.018000 85.176263
7.023000 85.219432
7.028000 85.262581
7.033000 85.305711
7.038000 85.348821
7.043000 85.391912
7.048000 85.434982
7.053000 85.478033
7.058000 85.521064
7.063000 85.564076
7.068000 85.607068
7.073000 85.650040
7.078000 85.692992
7.083000 85.735925
7.088000 85.778838
7.093000 85.821732
7.098000 85.864606
7.103000 85.907460
7.108000 85.950294
7.113000 85.993109
7.118000 86.035904
7.123000 86.078679
7.128000 86.121435
7.133000 86.164171
7.138000 86.206888
7.143000 86.249584
7.148000 86.292261
7.153000 86.334919
7.158000 86.377556
7.163000 86.420175
7.168000 86.462773
7.173000 86.505352
7.178000 86.547911
7.183000 86.590450
7.188000 86.632970
7.193000 86.675470
7.198000 86.717951
7.203000 86.760412
7.208000 86.802853
7.213000 86.845275
7.218000 86.887677
7.223000 86.930059
7.228000 86.972422
7.233000 87.014765
7.238000 87.057089
7.243000 87.099392
7.248000 87.141677
7.253000 87.183941
7.258000 87.226186
7.263000 87.268412
7.268000 87.310617
7.273000 87.352803
7.278000 87.394970
7.283000 87.437117
7.288000 87.479244
7.293000 87.521352
7.298000 87.563440
7.303000 87.605508
7.308000 87.647557
7.313000 87.689586
7.318000 87.731596
7.323000 87.773586
7.328000 87.815556
7.333000 87.857507
7.338000 87.899438
7.343000 87.941350
7.348000 87.983242
7.353000 88.025115
7.358000 88.066967
7.363000 88.109797
7.368000 88.153511
7.373000 88.197208
7.378000 88.240888
7.383000 88.284551
7.388000 88.328198
7.393000 88.371827
7.398000 88.415440
7.403000 88.459036
7.408000 88.502614
7.413000 88.546176
7.418000 88.589721
7.423000 88.633249
7.428000 88.676761
7.433000 88.720255
7.438000 88.763733
7.443000 88.807193
7.448000 88.850637
7.453000 88.894064
7.458000 88.937474
7.463000 88.980867
7.468000 89.024243
7.473000 89.067603
7.478000 89.110945
7.483000 89.154271
7.488000 89.197580
7.493000 89.240872
7.498000 89.284147
7.503000 89.327405
7.508000 89.370646
7.513000 89.413871
7.518000 89.457079
7.523000 89.500269
7.528000 89.543444
7.533000 89.586601
7.538000 89.629741
7.543000 89.672865
7.548000 89.715971
7.553000 89.759061
7.558000 89.802134
7.563000 89.845190
7.568000 89.888230
7.573000 89.931252
7.578000 89.974258
7.583000 90.017247
7.588000 90.060219
7.593000 90.103174
7.598000 90.146112
7.603000 90.189034
7.608000 90.231939
7.613000 90.274827
7.618000 90.317698
7.623000 90.360552
7.628000 90.403390
7.633000 90.446211
7.638000 90.489015
7.643000 90.531802
7.648000 90.574572
7.653000 90.617326
7.658000 90.660063
7.663000 90.702783
7.668000 90.745486
7.673000 90.788172
7.678000 90.830842
7.683000 90.873495
7.688000 90.916131
7.693000 90.958750
7.698000 91.001353
7.703000 91.043938
7.708000 91.086507
7.713000 91.129059
7.718000 91.171595
7.723000 91.214113
7.728000 91.256615
7.733000 91.299100
7.738000 91.341569
7.743000 91.384020
7.748000 91.426455
7.753000 91.468873
7.758000 91.511275
7.763000 91.553659
7.768000 91.596027
7.773000 91.638378
7.778000 91.680712
7.783000 91.723030
7.788000 91.765330
7.793000 91.807614
7.798000 91.849882
7.803000 91.892132
7.808000 91.934366
7.813000 91.976583
7.818000 92.018784
7.823000 92.060967
7.828000 92.103134
7.833000 92.145284
7.838000 92.187418
7.843000 92.229534
7.848000 92.271634
7.853000 92.313717
7.858000 92.355784
7.863000 92.397834
7.868000 92.439867
7.873000 92.481883
7.878000 92.523883
7.883000 92.565865
7.888000 92.607832
7.893000 92.649781
7.898000 92.691714
7.903000 92.733630
7.908000 92.775529
7.913000 92.817412
7.918000 92.859278
7.923000 92.901127
7.928000 92.942960
7.933000 92.984775
7.938000 93.026575
7.943000 93.068357
7.948000 93.110123
7.953000 93.151872
7.958000 93.193604
7.963000 93.235320
7.968000 93.277019
7.973000 93.318701
7.978000 93.360367
7.983000 93.402015
7.988000 93.443648
7.993000 93.485263
7.998000 93.526862
8.003000 93.568444
8.008000 93.610010
8.013000 93.651558
8.018000 93.693091
8.023000 93.734606
8.028000 93.776105
8.033000 93.817587
8.038000 93.859053
8.043000 93.900501
8.048000 93.941933
8.053000 93.983349
8.058000 94.024748
8.063000 94.066130
8.068000 94.107495
8.073000 94.148844
8.078000 94.190176
8.083000 94.231492
8.088000 94.272791
8.093000 94.314073
8.098000 94.355338
8.103000 94.396587
8.108000 94.437820
8.113000 94.479035
8.118000 94.520234
8.123000 94.561416
8.128000 94.602582
8.133000 94.643731
8.138000 94.684863
8.143000 94.725979
8.148000 94.767078
8.153000 94.808161
8.158000 94.849227
8.163000 94.890276
8.168000 94.931308
8.173000 94.972324
8.178000 95.013324
8.183000 95.054306
8.188000 95.095272
8.193000 95.136222
8.198000 95.177155
8.203000 95.218071
8.208000 95.258970
8.213000 95.299853
8.218000 95.340720
8.223000 95.381569
8.228000 95.422402
8.233000 95.463219
8.238000 95.504019
8.243000 95.544802
8.248000 95.585569
8.253000 95.626319
8.258000 95.667052
8.263000 95.707769
8.268000 95.748469
8.273000 95.789153
8.278000 95.829820
8.283000 95.870470
8.288000 95.911104
8.293000 95.951721
8.298000 95.992322
8.303000 96.032906
8.308000 96.073473
8.313000 96.114024
8.318000 96.154558
8.323000 96.195076
8.328000 96.235577
8.333000 96.276061
8.338000 96.316529
8.343000 96.356980
8.348000 96.397415
8.353000 96.438117
8.358000 96.480258
8.363000 96.522385
8.368000 96.564498
8.373000 96.606596
8.378000 96.648679
8.383000 96.690749
8.388000 96.732803
8.393000 96.774844
8.398000 96.816870
8.403000 96.858881
8.408000 96.900878
8.413000 96.942861
8.418000 96.984830
8.423000 97.026784
8.428000 97.068723
8.433000 97.110648
8.438000 97.152559
8.443000 97.194455
8.448000 97.236337
8.453000 97.278205
8.458000 97.320058
8.463000 97.361897
8.468000 97.403721
8.473000 97.445531
8.478000 97.487327
8.483000 97.529108
8.488000 97.570875
8.493000 97.612628
8.498000 97.654366
8.503000 97.696089
8.508000 97.737799
8.513000 97.779494
8.518000 97.821174
8.523000 97.862841
8.528000 97.904493
8.533000 97.946130
8.538000 97.987753
8.543000 98.029362
8.548000 98.070956
8.553000 98.112536
8.558000 98.154102
8.563000 98.195653
8.568000 98.237190
8.573000 98.278713
8.578000 98.320221
8.583000 98.361715
8.588000 98.403195
8.593000 98.444660
8.598000 98.486111
8.603000 98.527547
8.608000 98.568969
8.613000 98.610377
8.618000 98.651770
8.623000 98.693150
8.628000 98.734514
8.633000 98.775865
8.638000 98.817201
8.643000 98.858523
8.648000 98.899830
8.653000 98.941123
8.658000 98.982402
8.663000 99.023666
8.668000 99.064916
8.673000 99.106152
8.678000 99.147373
8.683000 99.188581
8.688000 99.229773
8.693000 99.270952
8.698000 99.312116
8.703000 99.353266
8.708000 99.394401
8.713000 99.435522
8.718000 99.476629
8.723000 99.517722
8.728000 99.558800
8.733000 99.599864
8.738000 99.640913
8.743000 99.681949
8.748000 99.722970
8.753000 99.763976
8.758000 99.804969
8.763000 99.845947
8.768000 99.886911
8.773000 99.927860
8.778000 99.968795
8.783000 100.009716
8.788000 100.050623
8.793000 100.091515
8.798000 100.132393
8.803000 100.173256
8.808000 100.214106
8.813000 100.254941
8.818000 100.295762
8.823000 100.336568
8.828000 100.377360
8.833000 100.418138
8.838000 100.458902
8.843000 100.499651
8.848000 100.540386
8.853000 100.581107
8.858000 100.621814
8.863000 100.662506
8.868000 100.703184
8.873000 100.743848
8.878000 100.784497
8.883000 100.825132
8.888000 100.865753
8.893000 100.906359
8.898000 100.946952
8.903000 100.987530
8.908000 101.028094
8.913000 101.068643
8.918000 101.109178
8.923000 101.149699
8.928000 101.190206
8.933000 101.230698
8.938000 101.271177
8.943000 101.311641
8.948000 101.352090
8.953000 101.392526
8.958000 101.432947
8.963000 101.473354
8.968000 101.513746
8.973000 101.554125
8.978000 101.594489
8.983000 101.634839
8.988000 101.675174
8.993000 101.715496
8.998000 101.755803
9.003000 101.796096
9.008000 101.836374
9.013000 101.876639
9.018000 101.916889
9.023000 101.957125
9.028000 101.997347
9.033000 102.037554
9.038000 102.077747
9.043000 102.117926
9.048000 102.158091
9.053000 102.198242
9.058000 102.238378
9.063000 102.278500
9.068000 102.318608
9.073000 102.358701
9.078000 102.398781
9.083000 102.438846
9.088000 102.478897
9.093000 102.518933
9.098000 102.558956
9.103000 102.598964
9.108000 102.638958
9.113000 102.678938
9.118000 102.718903
9.123000 102.758855
9.128000 102.798792
9.133000 102.838715
9.138000 102.878623
9.143000 102.918518
9.148000 102.958398
9.153000 102.998264
9.158000 103.038116
9.163000 103.077954
9.168000 103.117777
9.173000 103.157586
9.178000 103.197381
9.183000 103.237162
9.188000 103.276929
9.193000 103.316681
9.198000 103.356419
9.203000 103.396143
9.208000 103.435853
9.213000 103.475548
9.218000 103.515230
9.223000 103.554897
9.228000 103.594550
9.233000 103.634189
9.238000 103.673813
9.243000 103.713424
9.248000 103.753020
9.253000 103.792602
9.258000 103.832170
9.263000 103.871723
9.268000 103.911263
9.273000 103.950788
9.278000 103.990299
9.283000 104.029796
9.288000 104.069279
9.293000 104.108747
9.298000 104.148202
9.303000 104.187642
9.308000 104.227068
9.313000 104.266480
9.318000 104.305877
9.323000 104.345261
9.328000 104.384630
9.333000 104.423985
9.338000 104.463326
9.343000 104.502653
9.348000 104.541965
9.353000 104.581263
9.358000 104.620548
9.363000 104.659818
9.368000 104.699074
9.373000 104.738315
9.378000 104.777543
9.383000 104.816756
9.388000 104.855955
9.393000 104.895140
9.398000 104.934311
9.403000 104.973468
9.408000 105.012611
9.413000 105.051739
9.418000 105.090853
9.423000 105.129953
9.428000 105.169039
9.433000 105.208111
9.438000 105.247169
9.443000 105.286212
9.448000 105.325241
9.453000 105.364256
9.458000 105.403257
9.463000 105.442244
9.468000 105.481217
9.473000 105.520175
9.478000 105.559120
9.483000 105.598050
9.488000 105.636966
9.493000 105.675868
9.498000 105.715792
9.503000 105.756459
9.508000 105.797114
9.513000 105.837757
9.518000 105.878388
9.523000 105.919007
9.528000 105.959613
9.533000 106.000208
9.538000 106.040790
9.543000 106.081360
9.548000 106.121918
9.553000 106.162463
9.558000 106.202997
9.563000 106.243518
9.568000 106.284027
9.573000 106.324524
9.578000 106.365009
9.583000 106.405481
9.588000 106.445942
9.593000 106.486390
9.598000 106.526826
9.603000 106.567250
9.608000 106.607662
9.613000 106.648062
9.618000 106.688449
9.623000 106.728824
9.628000 106.769188
9.633000 106.809539
9.638000 106.849877
9.643000 106.890204
9.648000 106.930519
9.653000 106.970821
9.658000 107.011111
9.663000 107.051389
9.668000 107.091655
9.673000 107.131909
9.678000 107.172151
9.683000 107.212380
9.688000 107.252598
9.693000 107.292803
9.698000 107.332996
9.703000 107.373177
9.708000 107.413346
9.713000 107.453503
9.718000 107.493647
9.723000 107.533780
9.728000 107.573900
9.733000 107.614008
9.738000 107.654104
9.743000 107.694188
9.748000 107.734260
9.753000 107.774319
9.758000 107.814367
9.763000 107.854402
9.768000 107.894426
9.773000 107.934437
9.778000 107.974436
9.783000 108.014423
9.788000 108.054397
9.793000 108.094360
9.798000 108.134311
9.803000 108.174249
9.808000 108.214175
9.813000 108.254090
9.818000 108.293992
9.823000 108.333882
9.828000 108.373759
9.833000 108.413625
9.838000 108.453479
9.843000 108.493320
9.848000 108.533150
9.853000 108.572967
9.858000 108.612772
9.863000 108.652565
9.868000 108.692346
9.873000 108.732115
9.878000 108.771872
9.883000 108.811617
9.888000 108.851349
9.893000 108.891070
9.898000 108.930778
9.903000 108.970475
9.908000 109.010159
9.913000 109.049831
9.918000 109.089491
9.923000 109.129139
9.928000 109.168775
9.933000 109.208398
9.938000 109.248010
9.943000 109.287610
9.948000 109.327197
9.953000 109.366772
9.958000 109.406336
9.963000 109.445887
9.968000 109.485426
9.973000 109.524953
9.978000 109.564468
9.983000 109.603971
9.988000 109.643462
9.993000 109.682941
9.998000 109.722407
10.003000 109.761862
10.008000 109.801304
10.013000 109.840735
10.018000 109.880153
10.023000 109.919559
10.028000 109.958954
10.033000 109.998336
10.038000 110.037706
10.043000 110.077064
10.048000 110.116410
10.053000 110.155744
10.058000 110.195065
10.063000 110.234375
10.068000 110.273673
10.073000 110.312958
10.078000 110.352232
10.083000 110.391493
10.088000 110.430743
10.093000 110.469980
10.098000 110.509206
10.103000 110.548419
10.108000 110.587620
10.113000 110.626809
10.118000 110.665986
10.123000 110.705151
10.128000 110.744304
10.133000 110.783445
10.138000 110.822574
10.143000 110.861691
10.148000 110.900796
10.153000 110.939888
10.158000 110.978969
10.163000 111.018038
10.168000 111.057094
10.173000 111.096139
10.178000 111.135171
10.183000 111.174192
10.188000 111.213200
10.193000 111.252196
10.198000 111.291181
10.203000 111.330153
10.208000 111.369113
10.213000 111.408061
10.218000 111.446998
10.223000 111.485922
10.228000 111.524834
10.233000 111.563734
10.238000 111.602622
10.243000 111.641498
10.248000 111.680362
10.253000 111.719214
10.258000 111.758054
10.263000 111.796882
10.268000 111.835697
10.273000 111.874501
10.278000 111.913293
10.283000 111.952073
10.288000 111.990840
10.293000 112.029596
10.298000 112.068340
10.303000 112.107072
10.308000 112.145791
10.313000 112.184499
10.318000 112.223194
10.323000 112.261878
10.328000 112.300550
10.333000 112.339209
10.338000 112.377857
10.343000 112.416492
10.348000 112.455116
10.353000 112.493727
10.358000 112.532327
10.363000 112.570914
10.368000 112.609490
10.373000 112.648053
10.378000 112.686604
10.383000 112.725144
10.388000 112.763671
10.393000 112.802187
10.398000 112.840690
10.403000 112.879182
10.408000 112.917661
10.413000 112.956128
10.418000 112.994584
10.423000 113.033027
10.428000 113.071458
10.433000 113.109878
10.438000 113.148285
10.443000 113.186681
10.448000 113.225064
10.453000 113.263435
10.458000 113.301795
10.463000 113.340142
10.468000 113.378478
10.473000 113.416801
10.478000 113.455112
10.483000 113.493412
10.488000 113.531699
10.493000 113.569975
10.498000 113.608238
10.503000 113.646489
10.508000 113.684729
10.513000 113.722956
10.518000 113.761172
10.523000 113.799375
10.528000 113.837567
10.533000 113.875746
10.538000 113.913914
10.543000 113.952069
10.548000 113.990213
10.553000 114.028345
10.558000 114.066464
10.563000 114.104572
10.568000 114.142667
10.573000 114.180751
10.578000 114.218823
10.583000 114.256882
10.588000 114.294930
10.593000 114.332966
10.598000 114.370990
10.603000 114.409001
10.608000 114.447001
10.613000 114.484989
10.618000 114.522965
10.623000 114.560929
10.628000 114.598881
10.633000 114.636821
10.638000 114.674749
10.643000 114.712665
10.648000 114.750569
10.653000 114.788461
10.658000 114.826341
10.663000 114.864209
10.668000 114.902065
10.673000 114.939910
10.678000 114.977742
10.683000 115.015562
10.688000 115.053370
10.693000 115.091167
10.698000 115.128951
10.703000 115.166724
10.708000 115.204484
10.713000 115.242233
10.718000 115.279969
10.723000 115.317694
10.728000 115.355406
10.733000 115.393107
10.738000 115.430796
10.743000 115.468473
10.748000 115.506137
10.753000 115.543790
10.758000 115.581431
10.763000 115.619060
10.768000 115.656677
10.773000 115.694282
10.778000 115.731875
10.783000 115.769456
10.788000 115.807026
10.793000 115.844583
10.798000 115.882473
10.803000 115.921608
10.808000 115.960732
10.813000 115.999846
10.818000 116.038950
10.823000 116.078043
10.828000 116.117126
10.833000 116.156198
10.838000 116.195260
10.843000 116.234312
10.848000 116.273353
10.853000 116.312384
10.858000 116.351404
10.863000 116.390414
10.868000 116.429414
10.873000 116.468403
10.878000 116.507382
10.883000 116.546350
10.888000 116.585308
10.893000 116.624256
10.898000 116.663193
10.903000 116.702120
10.908000 116.741037
10.913000 116.779943
10.918000 116.818838
10.923000 116.857724
10.928000 116.896599
10.933000 116.935463
10.938000 116.974317
10.943000 117.013161
10.948000 117.051995
10.953000 117.090818
10.958000 117.129630
10.963000 117.168432
10.968000 117.207224
10.973000 117.246006
10.978000 117.284777
10.983000 117.323538
10.988000 117.362288
10.993000 117.401028
10.998000 117.439758
11.003000 117.478477
11.008000 117.517186
11.013000 117.555884
11.018000 117.594572
11.023000 117.633250
11.028000 117.671918
11.033000 117.710575
11.038000 117.749221
11.043000 117.787857
11.048000 117.826483
11.053000 117.865099
11.058000 117.903704
11.063000 117.942299
11.068000 117.980883
11.073000 118.019457
11.078000 118.058021
11.083000 118.096575
11.088000 118.135118
11.093000 118.173650
11.098000 118.212173
11.103000 118.250684
11.108000 118.289186
11.113000 118.327677
11.118000 118.366158
11.123000 118.404629
11.128000 118.443089
11.133000 118.481539
11.138000 118.519978
11.143000 118.558407
11.148000 118.596826
11.153000 118.635234
11.158000 118.673632
11.163000 118.712020
11.168000 118.750398
11.173000 118.788765
11.178000 118.827121
11.183000 118.865468
11.188000 118.903804
11.193000 118.942129
11.198000 118.980444
11.203000 119.018749
11.208000 119.057044
11.213000 119.095328
11.218000 119.133602
11.223000 119.171866
11.228000 119.210119
11.233000 119.248362
11.238000 119.286595
11.243000 119.324817
11.248000 119.363029
11.253000 119.401230
11.258000 119.439422
11.263000 119.477602
11.268000 119.515773
11.273000 119.553933
11.278000 119.592083
11.283000 119.630223
11.288000 119.668352
11.293000 119.706471
11.298000 119.744580
11.303000 119.782678
11.308000 119.820766
11.313000 119.858843
11.318000 119.896911
11.323000 119.934968
11.328000 119.973014
11.333000 120.011051
11.338000 120.049077
11.343000 120.087092
11.348000 120.125098
11.353000 120.163093
11.358000 120.201077
11.363000 120.239052
11.368000 120.277016
11.373000 120.314970
11.378000 120.352913
11.383000 120.390846
11.388000 120.428769
11.393000 120.466682
11.398000 120.504584
11.403000 120.542476
11.408000 120.580357
11.413000 120.618229
11.418000 120.656090
11.423000 120.693940
11.428000 120.731781
11.433000 120.769611
11.438000 120.807430
11.443000 120.845240
11.448000 120.883039
11.453000 120.920828
11.458000 120.958606
11.463000 120.996374
11.468000 121.034132
11.473000 121.071880
11.478000 121.109617
11.483000 121.147344
11.488000 121.185061
11.493000 121.222767
11.498000 121.260463
11.503000 121.298149
11.508000 121.335824
11.513000 121.373490
11.518000 121.411144
11.523000 121.448789
11.528000 121.486423
11.533000 121.524047
11.538000 121.561661
11.543000 121.599264
11.548000 121.636858
11.553000 121.674440
11.558000 121.712013
11.563000 121.749575
11.568000 121.787127
11.573000 121.824669
11.578000 121.862200
11.583000 121.899721
11.588000 121.937232
11.593000 121.974733
11.598000 122.012223
11.603000 122.049703
11.608000 122.087172
11.613000 122.124632
11.618000 122.162081
11.623000 122.199520
11.628000 122.236948
11.633000 122.274366
11.638000 122.311774
11.643000 122.349172
11.648000 122.386559
11.653000 122.423937
11.658000 122.461303
11.663000 122.498660
11.668000 122.536006
11.673000 122.573342
11.678000 122.610668
11.683000 122.647983
11.688000 122.685289
11.693000 122.722583
11.698000 122.759868
11.703000 122.797142
11.708000 122.834407
11.713000 122.871660
11.718000 122.908904
11.723000 122.946137
11.728000 122.983360
11.733000 123.020573
11.738000 123.057775
11.743000 123.094968
11.748000 123.132150
11.753000 123.169321
11.758000 123.206483
11.763000 123.243634
11.768000 123.280775
11.773000 123.317905
11.778000 123.355026
11.783000 123.392136
11.788000 123.429235
11.793000 123.466325
11.798000 123.503404
11.803000 123.540473
11.808000 123.577532
11.813000 123.614581
11.818000 123.651619
11.823000 123.688647
11.828000 123.725665
11.833000 123.762672
11.838000 123.799669
11.843000 123.836656
11.848000 123.873633
11.853000 123.910599
11.858000 123.947556
11.863000 123.984501
11.868000 124.021437
11.873000 124.058363
11.878000 124.095278
11.883000 124.132183
11.888000 124.169077
11.893000 124.205962
11.898000 124.242836
11.903000 124.279700
11.908000 124.316554
11.913000 124.353397
11.918000 124.390230
11.923000 124.427053
11.928000 124.463866
11.933000 124.500668
11.938000 124.537461
11.943000 124.574242
11.948000 124.611014
11.953000 124.647776
11.958000 124.684527
11.963000 124.721268
11.968000 124.757999
11.973000 124.794719
11.978000 124.831429
11.983000 124.868129
11.988000 124.904819
11.993000 124.941499
11.998000 124.978168
12.003000 125.014827
12.008000 125.051476
12.013000 125.088115
12.018000 125.124743
12.023000 125.161361
12.028000 125.197969
12.033000 125.234567
12.038000 125.271154
12.043000 125.307731
12.048000 125.344298
12.053000 125.380855
12.058000 125.417401
12.063000 125.453937
12.068000 125.490463
12.073000 125.526979
12.078000 125.563485
12.083000 125.599980
12.088000 125.636465
12.093000 125.672940
12.098000 125.709405
12.103000 125.745859
12.108000 125.782303
12.113000 125.818737
12.118000 125.855161
12.123000 125.891575
12.128000 125.927978
12.133000 125.964371
12.138000 126.000754
12.143000 126.037126
12.148000 126.073489
12.153000 126.109841
12.158000 126.146183
12.163000 126.182515
12.168000 126.218836
12.173000 126.255147
12.178000 126.291448
12.183000 126.327739
12.188000 126.364020
12.193000 126.400290
12.198000 126.436550
12.203000 126.472800
12.208000 126.509040
12.213000 126.545270
12.218000 126.581489
12.223000 126.617698
12.228000 126.653897
12.233000 126.690086
12.238000 126.726264
12.243000 126.762432
12.248000 126.798590
12.253000 126.834738
12.258000 126.870876
12.263000 126.907003
12.268000 126.943120
12.273000 126.979227
12.278000 127.015324
12.283000 127.051411
12.288000 127.087487
12.293000 127.123553
12.298000 127.159609
12.303000 127.195655
12.308000 127.231690
12.313000 127.269258
12.318000 127.306934
12.323000 127.344602
12.328000 127.382261
12.333000 127.419911
12.338000 127.457552
12.343000 127.495184
12.348000 127.532808
12.353000 127.570423
12.358000 127.608029
12.363000 127.645626
12.368000 127.683214
12.373000 127.720794
12.378000 127.758364
12.383000 127.795926
12.388000 127.833480
12.393000 127.871024
12.398000 127.908560
12.403000 127.946087
12.408000 127.983605
12.413000 128.021114
12.418000 128.058614
12.423000 128.096106
12.428000 128.133589
12.433000 128.171063
12.438000 128.208528
12.443000 128.245985
12.448000 128.283432
12.453000 128.320871
12.458000 128.358301
12.463000 128.395723
12.468000 128.433135
12.473000 128.470539
12.478000 128.507934
12.483000 128.545320
12.488000 128.582698
12.493000 128.620066
12.498000 128.657426
12.503000 128.694777
12.508000 128.732120
12.513000 128.769453
12.518000 128.806778
12.523000 128.844094
12.528000 128.881401
12.533000 128.918700
12.538000 128.955989
12.543000 128.993270
12.548000 129.030542
12.553000 129.067805
12.558000 129.105060
12.563000 129.142306
12.568000 129.179543
12.573000 129.216771
12.578000 129.253990
12.583000 129.291201
12.588000 129.328403
12.593000 129.365596
12.598000 129.402781
12.603000 129.439956
12.608000 129.477123
12.613000 129.514281
12.618000 129.551430
12.623000 129.588571
12.628000 129.625703
12.633000 129.662826
12.638000 129.699940
12.643000 129.737045
12.648000 129.774142
12.653000 129.811230
12.658000 129.848309
12.663000 129.885380
12.668000 129.922441
12.673000 129.959494
12.678000 129.996538
12.683000 130.033574
12.688000 130.070600
12.693000 130.107618
12.698000 130.144627
12.703000 130.181628
12.708000 130.218619
12.713000 130.255602
12.718000 130.292576
12.723000 130.329542
12.728000 130.366498
12.733000 130.403446
12.738000 130.440385
12.743000 130.477316
12.748000 130.514237
12.753000 130.551150
12.758000 130.588054
12.763000 130.624949
12.768000 130.661836
12.773000 130.698714
12.778000 130.735583
12.783000 130.772443
12.788000 130.809295
12.793000 130.846138
12.798000 130.882972
12.803000 130.919797
12.808000 130.956614
12.813000 130.993421
12.818000 131.030221
12.823000 131.067011
12.828000 131.103793
12.833000 131.140565
12.838000 131.177330
12.843000 131.214085
12.848000 131.250832
12.853000 131.287570
12.858000 131.324299
12.863000 131.361019
12.868000 131.397731
12.873000 131.434434
12.878000 131.471128
12.883000 131.507814
12.888000 131.544490
12.893000 131.581158
12.898000 131.617818
12.903000 131.654468
12.908000 131.691110
12.913000 131.727743
12.918000 131.764367
12.923000 131.800983
12.928000 131.837590
12.933000 131.874188
12.938000 131.910777
12.943000 131.947358
12.948000 131.983930
12.953000 132.020493
12.958000 132.057048
12.963000 132.093594
12.968000 132.130131
12.973000 132.166659
12.978000 132.203179
12.983000 132.239689
12.988000 132.276192
12.993000 132.312685
12.998000 132.349170
13.003000 132.385646
13.008000 132.422113
13.013000 132.458571
13.018000 132.495021
13.023000 132.531462
13.028000 132.567895
13.033000 132.604318
13.038000 132.640733
13.043000 132.677139
13.048000 132.713537
13.053000 132.749926
13.058000 132.786306
13.063000 132.822677
13.068000 132.859040
13.073000 132.895394
13.078000 132.931739
13.083000 132.968075
13.088000 133.004403
13.093000 133.040722
13.098000 133.077032
13.103000 133.113334
13.108000 133.149627
13.113000 133.185911
13.118000 133.222186
13.123000 133.258453
13.128000 133.294711
13.133000 133.330960
13.138000 133.367201
13.143000 133.403433
13.148000 133.439656
13.153000 133.475871
13.158000 133.512076
13.163000 133.548273
13.168000 133.584462
13.173000 133.620641
13.178000 133.656812
13.183000 133.692975
13.188000 133.729128
13.193000 133.765273
13.198000 133.801409
13.203000 133.837537
13.208000 133.873655
13.213000 133.909765
13.218000 133.945867
13.223000 133.981959
13.228000 134.018043
13.233000 134.054118
13.238000 134.090185
13.243000 134.126243
13.248000 134.162292
13.253000 134.198332
13.258000 134.234364
13.263000 134.270387
13.268000 134.306401
13.273000 134.342407
13.278000 134.378404
13.283000 134.414392
13.288000 134.450372
13.293000 134.486342
13.298000 134.522305
13.303000 134.558258
13.308000 134.594203
13.313000 134.630139
13.318000 134.666066
13.323000 134.701985
13.328000 134.737895
13.333000 134.773796
13.338000 134.809689
13.343000 134.845573
13.348000 134.881448
13.353000 134.917314
13.358000 134.953172
13.363000 134.989021
13.368000 135.024862
13.373000 135.060694
13.378000 135.096517
13.383000 135.132331
13.388000 135.168137
13.393000 135.203934
13.398000 135.239722
13.403000 135.275502
13.408000 135.311273
13.413000 135.347035
13.418000 135.382789
13.423000 135.418534
13.428000 135.454270
13.433000 135.489997
13.438000 135.525716
13.443000 135.561426
13.448000 135.597128
13.453000 135.632821
13.458000 135.668505
13.463000 135.704180
13.468000 135.739847
13.473000 135.775505
13.478000 135.811155
13.483000 135.846795
13.488000 135.882427
13.493000 135.918051
13.498000 135.953665
13.503000 135.989272
13.508000 136.024869
13.513000 136.060458
13.518000 136.096038
13.523000 136.131609
13.528000 136.167172
13.533000 136.202726
13.538000 136.238271
13.543000 136.273807
13.548000 136.309335
13.553000 136.344855
13.558000 136.380365
13.563000 136.415867
13.568000 136.451361
13.573000 136.486845
13.578000 136.522321
13.583000 136.557788
13.588000 136.593247
13.593000 136.628697
13.598000 136.664138
13.603000 136.699571
13.608000 136.734995
13.613000 136.770410
13.618000 136.805817
13.623000 136.841214
13.628000 136.876604
13.633000 136.911984
13.638000 136.947356
13.643000 136.982720
13.648000 137.018074
13.653000 137.053420
13.658000 137.088757
13.663000 137.124086
13.668000 137.159406
13.673000 137.194717
13.678000 137.230020
13.683000 137.265314
13.688000 137.300599
13.693000 137.335876
13.698000 137.371144
13.703000 137.406403
13.708000 137.441654
13.713000 137.476896
13.718000 137.512129
13.723000 137.547354
13.728000 137.582570
13.733000 137.617777
13.738000 137.652976
13.743000 137.688166
13.748000 137.723347
13.753000 137.758520
13.758000 137.793684
13.763000 137.828839
13.768000 137.863986
13.773000 137.899124
13.778000 137.934254
13.783000 137.969375
13.788000 138.004487
13.793000 138.039590
13.798000 138.074685
13.803000 138.109771
13.808000 138.144849
13.813000 138.179918
13.818000 138.214978
13.823000 138.250029
13.828000 138.285072
13.833000 138.320107
13.838000 138.355132
13.843000 138.390149
13.848000 138.425158
13.853000 138.460157
13.858000 138.495148
13.863000 138.530131
13.868000 138.565105
13.873000 138.600070
13.878000 138.635026
13.883000 138.669974
13.888000 138.704913
13.893000 138.739844
13.898000 138.774765
13.903000 138.809679
13.908000 138.844583
13.913000 138.879479
13.918000 138.914366
13.923000 138.949245
13.928000 138.984115
13.933000 139.018977
13.938000 139.053829
13.943000 139.088673
13.948000 139.123509
13.953000 139.158336
13.958000 139.193154
13.963000 139.227963
13.968000 139.262764
13.973000 139.297556
13.978000 139.332340
13.983000 139.367115
13.988000 139.401881
13.993000 139.436753
13.998000 139.473139
14.003000 139.509517
14.008000 139.545888
14.013000 139.582252
14.018000 139.618608
14.023000 139.654957
14.028000 139.691298
14.033000 139.727632
14.038000 139.763958
14.043000 139.800277
14.048000 139.836589
14.053000 139.872893
14.058000 139.909190
14.063000 139.945479
14.068000 139.981761
14.073000 140.018036
14.078000 140.054303
14.083000 140.090562
14.088000 140.126815
14.093000 140.163060
14.098000 140.199297
14.103000 140.235527
14.108000 140.271750
14.113000 140.307965
14.118000 140.344173
14.123000 140.380373
14.128000 140.416566
14.133000 140.452752
14.138000 140.488930
14.143000 140.525101
14.148000 140.561264
14.153000 140.597420
14.158000 140.633569
14.163000 140.669710
14.168000 140.705843
14.173000 140.741970
14.178000 140.778089
14.183000 140.814200
14.188000 140.850304
14.193000 140.886401
14.198000 140.922490
14.203000 140.958572
14.208000 140.994647
14.213000 141.030714
14.218000 141.066773
14.223000 141.102826
14.228000 141.138871
14.233000 141.174908
14.238000 141.210938
14.243000 141.246961
14.248000 141.282976
14.253000 141.318984
14.258000 141.354985
14.263000 141.390978
14.268000 141.426963
14.273000 141.462942
14.278000 141.498913
14.283000 141.534876
14.288000 141.570832
14.293000 141.606781
14.298000 141.642722
14.303000 141.678656
14.308000 141.714583
14.313000 141.750502
14.318000 141.786414
14.323000 141.822318
14.328000 141.858215
14.333000 141.894105
14.338000 141.929987
14.343000 141.965862
14.348000 142.001729
14.353000 142.037589
14.358000 142.073442
14.363000 142.109287
14.368000 142.145125
14.373000 142.180955
14.378000 142.216778
14.383000 142.252594
14.388000 142.288402
14.393000 142.324203
14.398000 142.359997
14.403000 142.395783
14.408000 142.431562
14.413000 142.467333
14.418000 142.503097
14.423000 142.538854
14.428000 142.574603
14.433000 142.610345
14.438000 142.646079
14.443000 142.681806
14.448000 142.717526
14.453000 142.753238
14.458000 142.788943
14.463000 142.824641
14.468000 142.860331
14.473000 142.896014
14.478000 142.931689
14.483000 142.967357
14.488000 143.003018
14.493000 143.038671
14.498000 143.074317
14.503000 143.109956
14.508000 143.145587
14.513000 143.181211
14.518000 143.216827
14.523000 143.252436
14.528000 143.288038
14.533000 143.323632
14.538000 143.359219
14.543000 143.394799
14.548000 143.430371
14.553000 143.465936
14.558000 143.501493
14.563000 143.537043
14.568000 143.572586
14.573000 143.608121
14.578000 143.643649
14.583000 143.679170
14.588000 143.714683
14.593000 143.750189
14.598000 143.785687
14.603000 143.821178
14.608000 143.856662
14.613000 143.892139
14.618000 143.927608
14.623000 143.963069
14.628000 143.998523
14.633000 144.033970
14.638000 144.069410
14.643000 144.104842
14.648000 144.140267
14.653000 144.175684
14.658000 144.211094
14.663000 144.246497
14.668000 144.281893
14.673000 144.317281
14.678000 144.352661
14.683000 144.388034
14.688000 144.423400
14.693000 144.458759
14.698000 144.494110
14.703000 144.529454
14.708000 144.564790
14.713000 144.600120
14.718000 144.635441
14.723000 144.670756
14.728000 144.706063
14.733000 144.741362
14.738000 144.776655
14.743000 144.811940
14.748000 144.847217
14.753000 144.882488
14.758000 144.917751
14.763000 144.953006
14.768000 144.988254
14.773000 145.023495
14.778000 145.058729
14.783000 145.093955
14.788000 145.129174
14.793000 145.164385
14.798000 145.199589
14.803000 145.234786
14.808000 145.269975
14.813000 145.305157
14.818000 145.340332
14.823000 145.375499
14.828000 145.410659
14.833000 145.445812
14.838000 145.480957
14.843000 145.516095
14.848000 145.551226
14.853000 145.586349
14.858000 145.621465
14.863000 145.656573
14.868000 145.691674
14.873000 145.726768
14.878000 145.761855
14.883000 145.796934
14.888000 145.832006
14.893000 145.867070
14.898000 145.902127
14.903000 145.937177
14.908000 145.972219
14.913000 146.007255
14.918000 146.042282
14.923000 146.077303
14.928000 146.112316
14.933000 146.147321
14.938000 146.182320
14.943000 146.217311
14.948000 146.252295
14.953000 146.287271
14.958000 146.322240
14.963000 146.357202
14.968000 146.392156
14.973000 146.427103
14.978000 146.462043
14.983000 146.496975
14.988000 146.531900
14.993000 146.566818
14.998000 146.601728
15.003000 146.636631
15.008000 146.671526
15.013000 146.706415
15.018000 146.741296
15.023000 146.776169
15.028000 146.811036
15.033000 146.845895
15.038000 146.880746
15.043000 146.915590
15.048000 146.950427
15.053000 146.985257
15.058000 147.020079
15.063000 147.054894
15.068000 147.089702
15.073000 147.124502
15.078000 147.159295
15.083000 147.194081
15.088000 147.228859
15.093000 147.263630
15.098000 147.298394
15.103000 147.333150
15.108000 147.367899
15.113000 147.402641
15.118000 147.437375
15.123000 147.472102
15.128000 147.506822
15.133000 147.541534
15.138000 147.576239
15.143000 147.610937
15.148000 147.645627
15.153000 147.680310
15.158000 147.714986
15.163000 147.749654
15.168000 147.784315
15.173000 147.818969
15.178000 147.853615
15.183000 147.888254
15.188000 147.922886
15.193000 147.957511
15.198000 147.992128
15.203000 148.026737
15.208000 148.061340
15.213000 148.095935
15.218000 148.130523
15.223000 148.165103
15.228000 148.199677
15.233000 148.234242
15.238000 148.268801
15.243000 148.303352
15.248000 148.337896
15.253000 148.372433
15.258000 148.406962
15.263000 148.441484
15.268000 148.475999
15.273000 148.510506
15.278000 148.545006
15.283000 148.579498
15.288000 148.613984
15.293000 148.648462
15.298000 148.682933
15.303000 148.717396
15.308000 148.751852
15.313000 148.786301
15.318000 148.820742
15.323000 148.855176
15.328000 148.889603
15.333000 148.924023
15.338000 148.958435
15.343000 148.992840
15.348000 149.027238
15.353000 149.061628
15.358000 149.096011
15.363000 149.130386
15.368000 149.164755
15.373000 149.199116
15.378000 149.233469
15.383000 149.267816
15.388000 149.302155
15.393000 149.336487
15.398000 149.370811
15.403000 149.405128
15.408000 149.439438
15.413000 149.473741
15.418000 149.508036
15.423000 149.542324
15.428000 149.576605
15.433000 149.610878
15.438000 149.645144
15.443000 149.679403
15.448000 149.713654
15.453000 149.747898
15.458000 149.782135
15.463000 149.816364
15.468000 149.850586
15.473000 149.884801
15.478000 149.919009
15.483000 149.953209
15.488000 149.987402
15.493000 150.021588
15.498000 150.055766
15.503000 150.089937
15.508000 150.124101
15.513000 150.158257
15.518000 150.192406
15.523000 150.226548
15.528000 150.260683
15.533000 150.294810
15.538000 150.328930
15.543000 150.363043
15.548000 150.397148
15.553000 150.431246
15.558000 150.465337
15.563000 150.499420
15.568000 150.533496
15.573000 150.567565
15.578000 150.601627
15.583000 150.635681
15.588000 150.669728
15.593000 150.703767
15.598000 150.737800
15.603000 150.771825
15.608000 150.805842
15.613000 150.839853
15.618000 150.873856
15.623000 150.907852
15.628000 150.941841
15.633000 150.975822
15.638000 151.009796
15.643000 151.043762
15.648000 151.077722
15.653000 151.111674
15.658000 151.145619
15.663000 151.179556
15.668000 151.213486
15.673000 151.247409
15.678000 151.281325
15.683000 151.315233
15.688000 151.349134
15.693000 151.383028
15.698000 151.416915
15.703000 151.450794
15.708000 151.484666
15.713000 151.518530
15.718000 151.552387
15.723000 151.586237
15.728000 151.620080
15.733000 151.653916
15.738000 151.687744
15.743000 151.721565
15.748000 151.755378
15.753000 151.789184
15.758000 151.822983
15.763000 151.856775
15.768000 151.890559
15.773000 151.924337
15.778000 151.958106
15.783000 151.991869
15.788000 152.025624
15.793000 152.059372
15.798000 152.093113
15.803000 152.126846
15.808000 152.160572
15.813000 152.194291
15.818000 152.228003
15.823000 152.261707
15.828000 152.295404
15.833000 152.329094
15.838000 152.362776
15.843000 152.396451
15.848000 152.430119
15.853000 152.463780
15.858000 152.497433
15.863000 152.531079
15.868000 152.564718
15.873000 152.598349
15.878000 152.631973
15.883000 152.665590
15.888000 152.699200
15.893000 152.732802
15.898000 152.766397
15.903000 152.800849
15.908000 152.835924
15.913000 152.870992
15.918000 152.906054
15.923000 152.941110
15.928000 152.976159
15.933000 153.011202
15.938000 153.046238
15.943000 153.081269
15.948000 153.116293
15.953000 153.151311
15.958000 153.186322
15.963000 153.221327
15.968000 153.256326
15.973000 153.291319
15.978000 153.326305
15.983000 153.361285
15.988000 153.396259
15.993000 153.431226
15.998000 153.466187
16.003000 153.501142
16.008000 153.536090
16.013000 153.571033
16.018000 153.605968
16.023000 153.640898
16.028000 153.675821
16.033000 153.710738
16.038000 153.745649
16.043000 153.780554
16.048000 153.815452
16.053000 153.850344
16.058000 153.885229
16.063000 153.920108
16.068000 153.954981
16.073000 153.989848
16.078000 154.024708
16.083000 154.059562
16.088000 154.094410
16.093000 154.129252
16.098000 154.164087
16.103000 154.198916
16.108000 154.233738
16.113000 154.268555
16.118000 154.303365
16.123000 154.338169
16.128000 154.372966
16.133000 154.407757
16.138000 154.442542
16.143000 154.477321
16.148000 154.512093
16.153000 154.546859
16.158000 154.581619
16.163000 154.616372
16.168000 154.651119
16.173000 154.685860
16.178000 154.720595
16.183000 154.755323
16.188000 154.790045
16.193000 154.824761
16.198000 154.859470
16.203000 154.894174
16.208000 154.928871
16.213000 154.963561
16.218000 154.998246
16.223000 155.032924
16.228000 155.067595
16.233000 155.102261
16.238000 155.136920
16.243000 155.171573
16.248000 155.206220
16.253000 155.240860
16.258000 155.275494
16.263000 155.310122
16.268000 155.344743
16.273000 155.379359
16.278000 155.413968
16.283000 155.448570
16.288000 155.483167
16.293000 155.517757
16.298000 155.552341
16.303000 155.586918
16.308000 155.621490
16.313000 155.656055
16.318000 155.690614
16.323000 155.725166
16.328000 155.759712
16.333000 155.794252
16.338000 155.828786
16.343000 155.863313
16.348000 155.897834
16.353000 155.932349
16.358000 155.966858
16.363000 156.001360
16.368000 156.035856
16.373000 156.070346
16.378000 156.104829
16.383000 156.139307
16.388000 156.173778
16.393000 156.208242
16.398000 156.242701
16.403000 156.277153
16.408000 156.311599
16.413000 156.346038
16.418000 156.380472
16.423000 156.414899
16.428000 156.449319
16.433000 156.483734
16.438000 156.518142
16.443000 156.552544
16.448000 156.586940
16.453000 156.621329
16.458000 156.655713
16.463000 156.690089
16.468000 156.724460
16.473000 156.758825
16.478000 156.793183
16.483000 156.827535
16.488000 156.861880
16.493000 156.896219
16.498000 156.930552
16.503000 156.964879
16.508000 156.999200
16.513000 157.033514
16.518000 157.067822
16.523000 157.102124
16.528000 157.136419
16.533000 157.170709
16.538000 157.204992
16.543000 157.239268
16.548000 157.273539
16.553000 157.307803
16.558000 157.342061
16.563000 157.376313
16.568000 157.410558
16.573000 157.444797
16.578000 157.479030
16.583000 157.513257
16.588000 157.547477
16.593000 157.581691
16.598000 157.615899
16.603000 157.650101
16.608000 157.684296
16.613000 157.718485
16.618000 157.752668
16.623000 157.786844
16.628000 157.821015
16.633000 157.855179
16.638000 157.889337
16.643000 157.923488
16.648000 157.957633
16.653000 157.991772
16.658000 158.025905
16.663000 158.060032
16.668000 158.094152
16.673000 158.128266
16.678000 158.162374
16.683000 158.196475
16.688000 158.230571
16.693000 158.264660
16.698000 158.298742
16.703000 158.332819
16.708000 158.366889
16.713000 158.400953
16.718000 158.435011
16.723000 158.469063
16.728000 158.503108
16.733000 158.537147
16.738000 158.571180
16.743000 158.605206
16.748000 158.639226
16.753000 158.673240
16.758000 158.707248
16.763000 158.741250
16.768000 158.775245
16.773000 158.809234
16.778000 158.843217
16.783000 158.877193
16.788000 158.911164
16.793000 158.945128
16.798000 158.979085
16.803000 159.013037
16.808000 159.046982
16.813000 159.080921
16.818000 159.114854
16.823000 159.148781
16.828000 159.182701
16.833000 159.216615
16.838000 159.250523
16.843000 159.284425
16.848000 159.318320
16.853000 159.352209
16.858000 159.386092
16.863000 159.419969
16.868000 159.453839
16.873000 159.487703
16.878000 159.521561
16.883000 159.555413
16.888000 159.589258
16.893000 159.623097
16.898000 159.656930
16.903000 159.690757
16.908000 159.724578
16.913000 159.758392
16.918000 159.792200
16.923000 159.826002
16.928000 159.859797
16.933000 159.893586
16.938000 159.927369
16.943000 159.961146
16.948000 159.994917
16.953000 160.028681
16.958000 160.062439
16.963000 160.096191
16.968000 160.129937
16.973000 160.163676
16.978000 160.197409
16.983000 160.231136
16.988000 160.264857
16.993000 160.298571
16.998000 160.332279
17.003000 160.365981
17.008000 160.399677
17.013000 160.433367
17.018000 160.467050
17.023000 160.500727
17.028000 160.534398
17.033000 160.568062
17.038000 160.601721
17.043000 160.635373
17.048000 160.669019
17.053000 160.702658
17.058000 160.736292
17.063000 160.769919
17.068000 160.803540
17.073000 160.837155
17.078000 160.870763
17.083000 160.904365
17.088000 160.937961
17.093000 160.971551
17.098000 161.005135
17.103000 161.038712
17.108000 161.072283
17.113000 161.105848
17.118000 161.139407
17.123000 161.172959
17.128000 161.206506
17.133000 161.240046
17.138000 161.273579
17.143000 161.307107
17.148000 161.340628
17.153000 161.374143
17.158000 161.407652
17.163000 161.441155
17.168000 161.474651
17.173000 161.508141
17.178000 161.541625
17.183000 161.575103
17.188000 161.608575
17.193000 161.642040
17.198000 161.675499
17.203000 161.708952
17.208000 161.742398
17.213000 161.775839
17.218000 161.809273
17.223000 161.842701
17.228000 161.876123
17.233000 161.909538
17.238000 161.942947
17.243000 161.976351
17.248000 162.009747
17.253000 162.043138
17.258000 162.076522
17.263000 162.109901
17.268000 162.143273
17.273000 162.176638
17.278000 162.209998
17.283000 162.243351
17.288000 162.276698
17.293000 162.310039
17.298000 162.343374
17.303000 162.376702
17.308000 162.410024
17.313000 162.443340
17.318000 162.476650
17.323000 162.509954
17.328000 162.543251
17.333000 162.576542
17.338000 162.609827
17.343000 162.643106
17.348000 162.676378
17.353000 162.709644
17.358000 162.742905
17.363000 162.776158
17.368000 162.809406
17.373000 162.842647
17.378000 162.875883
